14599
4019
8786
4660
3570
4990
8654
5078
751
3098
3031
6279
10563
8070
15819
11267
31
2352
4281
13786
14701
12303
12284
440
13619
13814
4934
1990
9646
6012
9565
6750
10222
3738
8205
11620
681
10499
16111
8853
3543
14498
14085
2725
9092
1763
6395
2119
7126
11589
653
14197
15816
13957
14245
427
10117
422
15058
1808
5325
3870
3365
11800
14867
14074
11153
2166
9896
2073
15899
11520
1873
1026
6643
2986
5691
628
2250
7866
8209
13947
177
13767
5271
8115
735
231
10521
10899
11139
14846
15053
15517
4663
15130
6987
11924
2530
7665
6920
6214
1845
8298
11669
9968
3868
8188
14011
2406
12445
15159
4282
2419
14720
1575
10946
12866
10547
13538
15005
4813
11413
12301
2653
11101
10652
2533
6742
11410
13214
7040
9613
5293
1450
14507
13559
7196
8999
8535
1105
4834
9612
2034
2996
11566
5158
4790
2887
6598
1804
16090
6525
10667
7455
14072
5959
631
1829
11551
11240
5841
15192
8108
14330
4247
9942
8531
1601
15496
12025
3638
6290
1019
6190
14729
12713
13769
3430
399
1720
9154
5944
9134
6305
12056
11550
11144
6356
8379
14454
15099
11481
9147
10135
12880
2025
11717
2374
10912
5102
1936
1203
15707
5849
13456
7707
8468
11253
7895
11751
11695
14731
10687
8158
13206
12162
14551
16010
11043
14319
5640
10132
9627
683
4201
8876
3184
7362
801
328
293
9364
11242
11157
932
19
9708
1834
5371
13117
5981
10031
7620
5670
1201
339
12079
7827
13968
7308
12594
6805
2217
1005
7920
757
13510
9178
1796
13880
14106
8512
12384
1253
7183
985
12556
670
15715
13718
12326
3374
12029
1825
32
12686
12055
15975
5466
15513
2898
9832
9819
10351
9951
4501
1647
15773
13171
7187
6442
809
10744
11975
11517
14710
13907
12205
12870
10470
14008
10369
15925
8611
9883
8086
9890
6478
13026
5771
11841
1794
14326
12368
6044
9538
14798
13662
8880
13539
6646
14960
9814
10574
2548
13414
6302
10832
6486
42
8679
7147
2257
11925
4192
927
12929
290
13978
13648
14397
6892
3523
5383
15693
8011
11006
12337
10752
8759
3080
12096
9474
3382
1698
6933
14244
13778
15831
257
448
11714
4969
11904
10831
11735
9257
1523
1387
10828
7693
7178
2767
2930
1043
8368
15281
12850
7408
10615
3296
5246
4538
16071
12363
15701
5337
10969
14781
14440
5331
8765
2810
4428
2363
12764
3825
1856
727
13644
9559
8971
4676
14382
14273
4863
15885
14691
12936
4692
1273
10030
1676
3364
6268
6527
4773
2847
3211
575
6457
14341
931
9103
2882
8064
1797
12873
2951
6923
753
7448
11799
9573
7807
6253
13382
3217
11512
7668
14959
11990
12393
1126
5926
8434
3371
5249
13066
10165
313
4625
14567
13422
3095
2355
6592
2097
770
11947
9322
9857
4761
14481
8282
2041
4504
1746
13674
145
2894
4503
13462
16142
1792
11349
15126
14742
7798
3085
8972
12641
9906
221
8157
8060
169
9113
13186
11525
5617
3679
8324
11507
7425
7560
164
2477
12420
2127
14899
455
16140
5410
1345
9060
7962
12748
818
8219
442
3910
2641
790
590
1067
5147
1443
4073
14104
16031
7711
12358
3330
589
8558
12649
1683
15146
3961
5083
10201
2597
8262
2507
12115
9689
2612
11808
1272
14531
4829
112
7954
1905
13657
5359
8239
5783
5287
4026
4150
5760
12952
2464
2565
3636
2956
7990
10167
1731
13714
14433
502
12676
220
699
5414
5170
10649
15253
1711
4050
6618
5453
8806
11029
3054
8336
4105
1086
8233
10309
9338
14600
2056
12049
12895
174
15370
2916
6534
656
12736
4119
7341
10046
8530
13806
4424
10606
10291
1392
9011
10455
12197
13481
2699
3997
8648
4337
1011
12181
15601
1055
10728
6124
2598
2846
644
12585
14610
12501
8198
5292
9402
1483
26
1859
9602
3913
7956
655
223
3226
7466
6336
7014
2175
4378
1687
10824
8134
6416
6989
2401
8395
871
1350
10194
15822
7932
5382
2589
5003
14654
802
7468
11276
13094
12024
12668
1013
5577
10088
5852
14381
14133
7661
13073
9271
4213
4549
12860
10009
14406
10916
8658
8007
2396
1938
8534
13679
7554
4394
2004
6183
1282
4939
2697
1920
3284
9632
6906
5835
13911
1548
7507
3714
15875
5296
6380
14376
1727
11440
263
4547
1448
14708
14837
1297
8781
7077
3325
9299
5540
15649
14996
13980
7017
1909
10388
1489
9949
1239
485
5241
8168
13514
10782
5123
11878
3455
13306
1499
2308
12251
9426
12451
5761
3500
6008
5014
4269
9028
15509
7615
7440
4710
904
15219
3764
14469
1841
3927
14127
959
11122
11431
13521
3492
360
2235
10221
2358
2256
239
10871
16025
11916
7472
11543
7527
178
13584
1346
4299
11150
4685
4638
2952
13563
4518
15484
4933
14091
12503
10112
15098
609
14042
14147
15772
4756
703
10005
4726
6915
12383
5150
12565
11665
15182
8625
6109
3193
4369
15117
35
4656
14704
16075
10294
5421
9692
12602
9114
12789
12959
532
13389
8562
488
6866
3655
10275
13290
787
5707
8808
8811
3319
10022
2077
14242
6737
1485
15981
7847
9726
13140
13415
3370
2874
13251
10301
10602
11288
11674
16029
7512
9743
4502
6355
5869
5583
15804
50
1144
5342
3463
10057
4551
10189
4831
9657
5660
15482
9145
4431
10449
6175
10310
14774
4477
7918
3283
1923
5445
11881
7643
7899
11757
1656
4037
7628
741
2335
4842
7249
15360
1843
7692
13558
14545
3751
7272
698
10154
15978
15700
6011
6511
10788
2719
11034
8207
6007
5399
10738
6507
4838
13207
12174
14919
14933
1482
11366
15744
7108
10514
12758
274
15933
4688
11450
16078
2561
1321
13572
15498
9817
16069
1173
6971
5810
14743
10689
7329
747
13549
10183
483
6360
7782
2392
5669
9974
2814
10368
6601
12381
6648
12656
11698
4548
2136
6931
3606
5409
15152
5876
6764
6901
9166
15338
14634
8919
2701
8016
14310
10055
13719
5375
1159
4978
3317
3207
7863
9263
4607
93
5275
14527
15934
7725
14897
2384
14503
13080
14084
14885
1032
10623
1588
10188
5093
12534
8031
7483
2042
15065
521
11668
14035
15057
5408
16083
6490
15599
189
10452
6321
7837
4694
12851
13185
7783
12830
10792
13576
5079
6543
11847
7366
4375
6832
4617
13638
15334
9445
11142
7200
8732
10653
16016
4633
7382
11580
12292
14629
7812
16101
6138
5046
10768
6605
13336
16013
7659
3681
12591
1643
537
772
57
11844
11266
7214
5145
307
12753
8874
7397
5458
14349
5842
9526
10270
7370
13148
7806
2504
966
15610
6926
8046
3159
10953
10650
5521
3506
3966
14723
9855
6122
6391
10510
6721
139
5917
11160
12290
9326
15798
3089
14558
9026
9437
1617
4534
12593
1238
12844
3661
13939
12840
4965
10685
8994
12744
15714
12388
4290
11129
5274
11845
280
10491
3082
5726
8859
10613
10366
13646
8359
3597
10577
761
14043
6323
11709
1616
15791
8208
11776
612
469
7378
4020
10731
6664
7377
13993
5332
10695
12933
14985
5437
7652
1251
1257
9809
492
7738
372
6409
9308
8222
11796
13447
10111
13338
12123
11313
4225
8423
4767
5341
3632
15027
10099
10000
1693
15243
7048
7032
14300
2380
1950
4687
12745
12173
3626
6909
9168
12386
3318
15209
7484
1840
13985
14394
16054
2668
1021
1473
1061
10226
11618
4659
9786
15151
14362
6301
10928
6546
1391
5339
11327
10322
8036
12547
5702
10485
2991
13459
1046
3510
7381
15604
6905
995
11426
10780
7614
103
14219
9576
10659
15576
7513
7822
10502
14569
6904
9768
14185
2521
8054
6150
14546
14052
14942
3889
13352
11619
12277
7672
7117
14956
3461
7565
8725
11221
8151
9061
14947
1969
14230
13876
10939
8304
13069
12157
5578
9301
2549
14277
8666
15118
14260
13551
11093
3992
10481
11760
16045
869
6569
8388
12490
4140
7496
16058
8467
14350
3621
10799
16130
2224
1665
1411
14138
2347
9955
3018
1702
916
9381
14404
6263
3582
2595
8422
9777
3973
13753
2761
4554
585
13728
1897
1379
8400
16123
13478
1294
2499
12461
1721
15010
16002
7342
912
15662
156
5315
5653
5140
9739
9447
8063
11046
2873
12507
14652
3198
9235
11794
13696
13405
15522
9693
6967
1922
15551
2387
9070
4952
5914
6846
5938
6773
9016
8264
10991
794
12342
7868
13370
15985
1839
4131
13024
5794
6910
8736
8194
2299
13818
3775
8985
5899
7739
4587
4563
10329
4047
7011
8176
14032
9673
7435
7521
14664
6365
5106
1603
5361
16117
13053
11143
10288
4261
4620
2153
1480
7963
6373
15443
2289
9194
7888
14271
11628
691
438
480
8996
3549
6494
9749
6582
7055
12632
12967
490
14420
7407
13920
4177
5101
13975
1224
9002
369
8292
10181
9292
8081
15630
14435
9329
3390
5961
3558
12825
8901
3346
1472
16003
3996
12767
10193
3625
15861
5088
5765
1532
14403
13542
10536
569
8043
8845
11130
6521
5446
12378
13543
11172
3209
6149
11471
432
8909
409
7122
13466
9769
5778
15642
5973
3827
13167
11198
4085
1591
2370
6826
11274
11747
7333
6504
7434
14866
5461
13541
1407
4610
7234
4482
14780
13082
14898
9360
4691
15575
3023
4123
14443
1770
13258
13268
7047
12969
2452
12494
12858
14207
15734
14696
680
3011
9794
12920
3673
13197
8849
10958
12119
547
9588
14100
15609
12064
8671
10966
15296
9671
3037
12663
12129
5634
15518
8094
1317
11181
13540
6985
12804
8335
4652
15954
11622
892
2765
466
4630
724
2789
11480
8525
2885
779
15077
4558
13693
4324
5372
6677
3995
819
15134
4590
1596
6167
5593
7306
600
14305
7924
8566
1962
9886
8301
3602
5321
12738
3982
4893
197
8252
4818
4887
7789
8441
952
12675
10115
4744
2511
13506
315
10096
13550
318
14060
12717
13287
1065
474
15776
12471
13329
3554
6208
7804
15105
3561
10380
6871
7717
13421
737
14711
12596
458
15217
16035
14234
5234
7301
1640
1835
8696
8044
12820
4569
13627
11553
4240
7753
8964
5975
7316
1342
13113
1772
14284
817
9954
5645
1339
701
2500
11473
2614
7891
3161
3042
10809
13161
5047
14009
14241
2966
4545
1899
5539
11231
15830
11475
3107
4919
13761
13353
3782
95
13553
4524
14267
15269
9497
9162
4874
14252
8629
15916
4313
13783
9871
1852
1607
8825
2460
15554
4329
8684
2633
10660
10719
9555
1187
12486
14761
12339
5656
187
12661
7838
14842
13240
14041
11806
6986
5215
4936
3956
4160
3017
13247
16137
10219
14368
4862
4438
4559
8983
15188
11367
7728
14995
11828
4611
3840
3706
8296
13037
14779
15552
9173
7352
9674
9035
7564
2220
13027
7419
15322
12564
10553
4022
14793
8001
3469
7124
3692
7634
4512
4340
9224
10467
8622
5787
11073
3986
9201
10923
4403
13291
11565
14835
9438
11992
7898
10482
3255
13355
3032
13018
9361
3559
2001
10472
5235
8505
5701
10125
14228
12042
3958
10761
710
15617
10419
11827
4909
1232
1886
1181
4124
15682
11516
5887
34
15769
1330
4258
1371
5435
756
8421
9269
15259
14171
2655
13852
16056
1341
10777
7334
14320
2184
8669
4905
2415
767
15752
7309
7607
15932
8988
13892
9687
15709
6219
3002
15052
12118
4304
8842
2177
2999
632
9412
7193
15166
16136
1399
375
2110
8351
37
672
9192
11375
13000
4024
415
1984
7762
2366
4488
8013
1903
8391
11257
5125
366
15228
6819
2892
9324
4970
9686
7502
8716
1888
11246
3103
9637
14426
8372
7154
14587
14246
774
5346
15797
9366
4109
14051
7402
9059
15274
901
13433
15097
9757
765
14251
8962
5754
15598
11411
12902
10337
5191
9268
2570
3843
2826
8056
1774
11425
13158
13637
15076
8300
6399
2585
10612
11483
14923
15581
10973
10382
2084
8674
14410
6241
8497
3450
4532
9040
4871
11422
14893
137
5141
550
5114
2397
15570
10555
2738
2817
6662
116
3517
6775
5012
8473
13668
6043
10881
4417
14896
11052
9986
8709
8815
9087
3301
13942
8984
5930
3741
2958
7890
1351
6350
1022
5943
12139
10011
15807
14627
2279
7295
3829
7773
13532
13278
2815
3300
5010
1625
14053
15402
6166
9476
12425
7321
12711
9720
2016
8754
6776
14903
11835
5990
3311
3363
12282
14020
3356
3674
12423
9140
14641
6368
3590
9482
6099
6809
1263
11812
10972
14645
10395
4245
227
7498
15595
2674
7049
12847
11223
358
4243
9639
499
3967
13354
8057
7148
15189
6942
1691
5569
14248
12085
7621
2383
6782
10440
11676
6755
2571
15969
1150
11602
13803
7103
396
2851
11176
8553
15612
10155
8758
8976
14802
1047
8112
14446
12650
55
13136
9785
4681
3068
15478
8899
5253
1776
7517
7287
11432
2498
8623
14082
2057
13725
11998
16012
1394
7639
2909
14726
4224
7
9663
8218
3352
15971
4393
15699
6112
13100
13848
13552
11789
5474
8614
12935
6224
11209
9090
14661
12214
4385
2074
12951
14783
8697
5518
3126
1364
1151
10911
4907
5848
8844
9228
7941
6475
8437
14789
7480
1435
7596
9483
10982
7400
9415
14891
7790
10655
11843
12777
12218
4637
2948
5664
9584
1932
2975
14585
7542
8913
5085
565
1082
7705
4641
9601
8867
8297
9965
3246
10197
8418
5690
173
2965
6610
48
3921
13966
9633
9027
1552
7414
2806
10570
15904
9184
2728
4157
4628
67
1074
8469
7063
10211
9760
8575
14832
4968
2663
354
5968
8382
7105
6375
12900
12689
2863
11025
9287
9179
12702
14722
15545
3065
346
8411
2149
6260
13106
11106
10516
7263
9226
6499
5522
10058
6981
3955
12791
15419
10878
3479
10190
11770
2648
7519
15447
1775
10411
11320
9984
8486
8708
8438
7282
7224
11063
13764
6599
12803
621
4971
3342
13988
9108
5072
13625
11502
10867
12291
13070
6715
1419
1705
3630
11421
12889
11185
7970
5386
14859
13345
2925
7094
10901
6433
3332
7741
1060
13898
13455
13050
15584
2305
14823
4573
9152
15231
10862
9554
7100
14869
1576
9089
2012
3239
7436
6293
12113
15988
15876
9604
11970
708
7367
1928
9795
9389
15710
10610
13300
10103
1853
5116
5980
1756
14476
9034
3057
11677
11663
12542
3178
734
12052
13460
14812
4285
5584
13851
7922
7499
8573
9472
2611
2137
4249
7844
5919
13324
4265
576
7497
16032
10063
4931
4928
14070
2190
1506
13063
8590
12226
2929
13317
8613
229
13107
12610
10624
5393
5527
2902
1549
2036
12191
10884
6265
13842
15952
4743
14557
1510
8818
11069
2388
7083
13642
1568
13740
15940
11380
15390
12614
13665
7299
8413
9594
11873
13487
14038
13362
5364
11759
3210
15704
15990
2708
2959
4459
11007
10925
3314
11335
10625
12493
7462
7577
1577
3740
3824
3859
9186
111
13484
6660
10638
7650
8146
11769
11685
8979
6852
13617
7840
14738
2917
9371
10128
279
16034
15181
11980
5310
10582
12811
12751
11436
2861
9133
876
214
10611
12569
13369
391
7698
10587
4877
8888
6584
15017
3138
13259
13339
6626
14550
5826
8689
10870
16112
6209
11360
12449
13585
10722
7310
6133
12685
8965
11291
6165
4979
3009
5795
3179
1864
5231
9314
15716
15002
3722
8539
6354
9957
12193
3637
15787
8069
219
7884
2303
11737
11765
2690
15045
5440
1921
8750
1778
1366
11983
1112
4252
11874
13801
5674
5654
7477
12059
2089
763
15562
14620
8139
13169
13286
9053
12409
6579
98
4938
6711
15786
3861
12597
676
13402
10934
8863
11072
13997
12094
4846
2566
6896
3224
3680
1530
14143
10420
14247
12387
10711
1230
5300
1259
5506
1629
12762
14797
4195
15615
6215
10243
6879
2449
1787
16055
14962
10803
8533
12986
1885
4107
15149
7849
12176
13176
5745
13323
9755
10089
9012
2680
14489
4712
9240
2193
3779
5937
10844
8653
9337
5043
9614
15579
12792
2272
7139
583
7905
1551
11745
7538
4783
9551
15865
4273
15611
15161
1998
6796
8164
11493
10539
5918
8701
44
1810
15090
9100
578
10542
14935
13673
472
4034
11728
12747
11908
11120
6535
10001
732
10071
2517
1468
8167
9343
11571
15206
6578
1986
14325
14421
1803
12785
16118
14329
11234
7303
14906
16138
11344
6271
6280
15605
13840
7766
8190
1860
2481
9283
2011
4689
15654
13843
2704
12677
15848
4310
7012
3979
1171
11203
2309
13961
8366
8251
11649
2104
7035
13064
15265
10271
10970
15907
3700
8062
11415
158
11915
14631
17
8025
7906
12813
9707
7296
12204
5757
2240
13192
11956
2832
14930
7655
11428
1518
5016
6886
3268
13738
13832
9443
13305
6448
9889
11233
2200
10254
6789
7355
14265
13780
5137
7683
10421
14283
13168
9956
8619
4405
12766
9758
14593
6593
10560
3683
9305
573
7186
3743
15548
7042
6574
7936
1694
6811
9332
816
4155
9153
14213
13704
15508
1414
13512
6576
13766
269
6098
6731
12545
1146
1631
5163
12268
14792
10267
10357
10534
10664
13243
4703
5084
11424
877
523
8801
1741
3027
10227
6763
8935
11128
457
5922
9542
5018
4882
14636
7336
12897
3118
11752
10993
6129
3128
3864
7935
15290
12495
10349
6363
8503
12065
10699
8693
4013
3148
1565
6068
9973
6087
12523
5856
15199
494
9995
14739
7226
11900
2953
5073
14912
12138
11179
2700
3227
551
11095
2740
8778
12553
2425
7101
8631
5768
3361
3398
9518
8083
13101
8769
7637
2461
6349
14151
4529
9043
10313
11570
1193
6239
8429
3744
15777
1198
9546
6315
1319
14116
4413
8810
4567
123
5809
6093
3493
10914
5884
14845
918
7721
1876
12527
10413
5294
1931
15320
10292
11419
1726
9928
15135
616
13775
13165
3710
8722
7229
10446
319
8383
10523
11047
6877
5530
4087
9217
14447
13273
14145
7084
4098
6538
7081
12944
193
6736
8813
180
7616
3399
5096
1924
10213
7001
8565
292
15531
9242
6980
3486
14314
4716
15739
4647
14181
10564
7475
2528
12038
2735
3166
5350
15001
12000
7901
10807
3047
124
10039
14855
5816
10445
4754
12749
8452
8446
11265
1292
1893
4770
14129
8582
8606
11569
3183
3133
14335
11928
11296
491
6745
2934
8649
12752
15469
14217
13488
1918
1505
4174
13734
3154
8907
12881
3705
6945
1277
1260
14648
14374
2651
13737
8789
7582
5263
9619
4714
3551
4542
14111
8930
7549
9967
988
12985
1163
8956
630
9469
1911
6976
4211
140
1651
15747
4556
13409
6691
14172
13546
1333
6554
4760
4568
10784
2369
13505
2906
8594
8747
16102
6829
14535
12022
14607
9191
14427
11299
1740
47
2995
8232
9774
14563
12183
10466
11523
6481
16070
13581
3214
14757
15297
11370
1953
11307
6010
10857
6890
4508
15878
12413
11718
10813
2574
11950
6052
531
13492
5770
759
13946
13029
7255
12315
6616
14237
6153
6407
2957
9682
4323
5423
7045
12949
9725
15276
10297
10379
8508
2248
14804
640
14408
13583
9050
10255
3327
6957
9638
2022
6780
6847
4875
8160
8310
4486
1943
6143
8008
11474
4728
10162
11469
11682
1678
1821
8200
6930
14653
951
10783
8782
10874
4852
9812
12012
14637
15922
2822
8257
3218
1063
3354
291
11686
4576
9141
2157
13722
5672
9169
540
1023
12225
2618
9204
12516
11657
14574
10471
8117
23
5766
12726
10232
1281
614
7583
5714
8093
1985
1477
3957
2670
6979
9517
10346
6679
7173
7910
7488
2230
8556
5822
7493
12586
13544
5040
10095
3851
2781
7606
2794
52
8285
11981
11972
11252
1004
268
12915
10597
14282
4414
9188
7368
5837
1266
13143
12107
256
9262
476
2550
13709
3252
7855
5853
3270
5
3015
1185
1044
11940
5279
12362
13695
8743
13666
3249
14411
6015
152
1348
9856
14784
8071
7175
1267
12330
11346
8644
2626
13702
14462
15054
6033
12772
10241
15378
9142
14190
10032
1636
8193
566
11636
10386
3063
4061
14055
3262
7050
4667
1073
3952
7716
11460
13958
6966
2524
15356
7276
7030
5607
524
14852
14537
2790
7223
11035
11319
3953
12192
1131
12023
9966
2946
3014
2429
1089
9135
9353
7674
216
15737
5747
11867
12324
3941
12101
10290
11298
11804
6
6718
487
12238
12934
8955
9170
2715
8632
11183
13593
15277
8396
7559
5615
4578
13309
10974
10062
2850
7767
11086
79
10363
359
10427
5636
1883
6006
6913
14128
8578
8037
5965
3310
9116
12307
9827
5354
930
15255
1783
8000
15271
10374
1585
12981
8523
9383
14439
6898
14596
15100
3165
4372
11821
15344
5264
13293
16006
413
9409
9493
736
9751
4465
210
9843
6131
1595
14429
6459
8485
9874
12893
237
16116
51
798
2835
6724
12353
2771
1199
10245
11395
4256
812
3858
7775
4961
4291
11465
5838
15673
894
4464
12924
10
10047
8824
2705
7393
13981
10327
2214
7252
1952
13322
3862
3682
2003
6900
2118
6322
10955
3112
13912
10087
8313
2319
255
7581
11761
8673
10915
9157
1618
8041
4478
6657
9099
6216
15218
14274
13790
7421
11315
11033
8002
6880
9564
8975
2031
1382
8735
15184
15314
14801
8018
325
9339
1816
10120
1680
12033
12365
181
334
10585
9453
11926
4365
800
990
4183
1006
2941
8807
11943
3904
11124
9471
4094
12302
2913
3454
10891
12427
5327
11137
10252
11092
6002
4734
4595
5198
14461
4470
4474
3383
10159
2579
11414
5349
6203
874
9782
392
147
9860
9669
5173
3819
5130
2159
2432
8141
922
10984
8528
8353
2868
6509
9778
4449
11719
8242
623
9362
12352
4473
7075
14453
3499
9569
13982
6581
14225
8738
9312
3444
807
6313
13631
348
5649
13810
12300
13831
1832
4349
12397
9568
3129
2922
2082
6747
2939
7396
15048
10364
4086
2756
8212
2961
4500
509
13875
10438
15823
10016
5556
15659
4241
3912
69
7702
11060
15409
2451
702
13122
15425
478
12444
3480
3385
5221
4176
14888
11536
2678
14438
2654
13770
2510
4171
10727
14021
10176
1120
2586
3810
12267
1401
8688
13108
12177
11693
7631
10509
2592
2020
12316
15684
4062
7135
10877
13528
6656
15950
3320
12992
8791
11146
4690
1937
6014
10483
6491
11555
4557
14430
15757
6824
5396
15263
14301
4168
2314
4081
11002
13218
14614
15989
7971
8027
15121
2236
15060
2155
11946
10692
8821
9180
12031
10632
8861
12234
11250
15393
3070
12655
3512
4619
14997
4879
4106
6485
7740
6714
14417
2858
4169
11572
9075
15898
14108
7515
12568
1427
11642
13846
12391
418
7617
4350
15198
1736
13062
8137
11226
15843
16047
1110
11782
518
426
3698
7102
16087
12846
14189
9399
10680
10124
3201
11423
8592
11075
12489
2336
5182
10822
9229
2064
3106
14308
2165
2402
4058
15313
2126
3081
12854
13386
11597
13671
11632
9247
11936
12338
10718
2553
8727
13675
3293
7605
6876
15244
13424
7467
11272
6075
3413
11027
2519
11951
7943
6522
5520
11722
5340
3297
9210
15696
7029
2494
8269
3329
6489
1471
9273
10027
3147
7760
11277
13589
3088
2346
2052
12603
16041
6517
11220
5438
8017
4807
15267
10756
14105
12351
7192
6250
7510
12993
14568
8088
4302
11712
7919
3640
14255
8144
1365
793
317
14236
4599
7137
12774
7429
10931
13825
13296
4433
6794
2920
3519
1430
4890
15759
5537
15862
4376
6220
2932
10492
2189
6571
11973
11464
14913
5069
4724
11248
7904
5193
685
10432
1887
3867
9733
7427
982
13048
3122
8291
8507
1642
8627
1087
462
12043
15620
7534
4286
11938
3442
14092
6017
2776
11839
15811
8378
7297
1646
11655
10656
6151
2068
12458
3438
13788
8076
14475
6760
1571
2522
8886
9540
12974
13820
2040
12831
1954
10594
12010
12733
2378
13344
14658
14235
7576
15291
444
4730
6028
6608
9246
946
9073
9790
2271
8547
15763
9136
1338
13020
1946
1090
8943
2617
12418
3893
7771
496
8119
12894
10341
4077
2154
8246
2186
4811
9649
5588
10698
4788
2211
10242
4777
14622
847
12629
6968
15095
12700
9221
2060
15760
13618
416
3834
10208
1484
15167
8432
10056
5905
11931
6162
225
14477
9858
5489
4526
11009
2447
12784
13154
1682
9737
1658
4525
15580
11687
978
8542
15242
882
356
5207
226
11237
10164
5552
1930
5247
14539
1168
7552
7907
4781
4454
5947
2788
15093
10835
420
4382
11958
1583
15813
4091
10572
11409
7996
11170
7470
15607
6311
12837
11163
2546
15333
11387
9231
3560
7869
10328
13932
12543
15801
3281
6864
4658
6808
9587
9393
11500
14727
6072
5108
8603
8710
3935
1010
14954
1370
4972
2567
9206
12696
3753
14874
11117
14096
14512
4654
7788
7471
1613
13467
11499
1496
13060
13687
7330
4981
4244
14750
3233
7026
4821
6182
2842
8345
5713
5915
9341
5082
2910
5462
13174
3880
11817
13763
2821
8223
9020
622
5283
1615
15795
8682
3481
12008
15558
3574
14843
599
11442
4959
11207
3684
4697
6398
13337
3261
1826
9847
12821
6223
14198
3503
10229
13042
6292
3392
3291
6840
12127
1418
14769
2027
14154
2304
8185
12036
6088
1719
13602
7540
15208
5934
10765
5001
14856
8075
11598
5306
10743
15568
6738
6844
6137
11894
2537
8265
5673
14809
2490
896
6404
6172
886
13865
10279
13567
15063
10078
205
14678
10917
512
6230
8744
11868
15809
11363
6392
13791
15051
2161
1833
6496
5055
1264
2492
1322
7394
5050
10396
12475
2221
9668
11068
7250
9369
13078
5675
4354
5889
14250
15738
15663
11283
13758
1080
674
10628
10019
10385
4679
5240
3736
6091
4626
16024
14905
7185
5946
4364
15616
6303
13440
9977
301
10529
6173
14777
3537
651
11305
11338
5808
6614
7097
14395
1777
1675
1068
2843
3667
15656
13496
3491
12678
11858
14370
14624
7412
12073
113
3191
12447
3114
15686
9740
10734
2706
1104
6058
11583
15837
1052
15374
11818
13348
10278
10635
12272
7231
5815
678
7754
14838
12970
11561
9748
12208
14315
8847
15225
15162
9560
1028
2899
6055
8323
4814
14196
1250
6073
562
3785
141
8927
14027
1241
836
4146
11408
397
7416
7786
9063
196
5549
10580
14619
11126
830
14125
2616
13749
2474
11322
10837
9286
1743
10537
12182
10198
11651
13180
11098
2497
13503
5535
13320
6565
381
8665
9484
1814
7142
12833
10026
9193
14816
6668
15724
5257
1645
668
5400
6793
11468
13297
5202
11546
14705
5404
4408
963
5289
15282
11788
4362
8951
13215
13091
8567
9923
12510
1223
11189
3
1434
637
6034
3855
8049
3860
9934
11486
9395
7687
10126
5156
10866
3445
12360
6860
9980
9523
15343
12104
3134
7220
12517
7115
7177
9557
14064
12187
6493
9005
967
3339
9264
2371
3796
3102
11933
4143
9319
13289
5572
7028
12361
8103
80
15847
1357
7570
9047
5097
12773
5910
8678
15893
8651
9652
8337
8626
13605
11819
5060
249
14595
289
7779
15012
6895
13524
12002
201
11784
4226
8957
6670
14203
6653
2557
7059
11383
2914
7291
15379
14071
2714
7360
10748
6471
5478
6027
7874
6376
14977
3511
11830
5890
7085
16011
3965
4749
1304
12911
3562
503
10601
9274
705
7695
1446
11074
14019
5658
3887
8138
12009
6291
6039
796
1160
14385
4128
7602
15207
1874
7152
13773
2227
8557
14964
6934
2066
11173
11962
3899
12790
5832
5736
77
2147
15438
15567
3276
3307
2430
7002
1933
10082
4771
10576
4695
4666
6003
217
16128
1520
9350
10435
9626
13992
12555
7037
4383
4030
15908
4314
3642
5785
6774
3755
10709
10448
10921
9736
11224
4137
15068
13927
5394
7290
3945
9398
9051
15293
5497
4948
13960
2751
6382
12102
11350
100
14158
7058
12665
6696
2903
6854
12097
10228
2488
13857
4166
6148
7354
5095
9822
10872
15061
5482
15357
114
10629
2287
1660
11949
11125
7720
3441
12366
5802
15102
12750
8165
11603
15851
9396
12385
4306
2412
10127
13658
5924
3143
3616
620
1424
11864
2172
4670
15391
1799
13661
9981
3169
13636
12807
10345
1955
6720
1142
13152
2201
10781
12018
8308
15745
5807
4300
12244
2733
1461
4255
1728
14571
10476
2162
14322
7179
4999
1655
13445
2002
2652
4949
15802
3678
11169
14005
1766
7781
5252
2284
7688
10897
9581
5418
1162
4553
8428
2433
2342
3475
11783
1395
12737
15591
13784
13090
7027
1589
13547
12325
5681
6748
6054
3845
1291
1974
3263
265
13088
14944
15920
3372
5434
14830
6397
6911
10751
5129
4575
10616
6518
15924
4671
3467
3437
11885
14706
9306
9685
14418
11895
13745
5086
6212
3905
4412
10272
5671
4837
9700
3891
6036
13157
6063
2268
2816
15731
262
4511
5705
2691
4552
9919
13692
1733
11294
2590
4544
14737
10720
649
12646
13381
8755
1951
10592
5190
4099
10524
14130
489
2997
7314
7428
11742
15385
8652
7003
5519
8646
7817
2693
4461
6299
12583
14312
5769
10268
595
10565
8804
14015
596
10841
7133
13643
1127
682
11579
1851
12048
14000
9958
14854
899
14770
8878
5090
5415
11136
15483
10376
2125
5433
5398
8772
10600
12714
7801
9583
12849
13099
8939
1108
8767
8040
8695
4664
151
12027
10791
251
3105
3617
12864
3456
15764
1527
14647
8435
5719
10812
14724
2506
1782
8302
1514
8284
16046
12215
14606
4125
936
14090
6636
5229
154
3026
13054
6094
97
3703
8215
4203
5245
14361
2076
3826
7437
13170
7611
9586
13889
14442
2508
8760
7989
10431
3155
13086
12350
14504
4819
15050
5119
12253
14024
5744
729
9920
5904
15197
11145
8932
10789
8777
3436
10741
11256
1008
13594
12281
15163
603
804
5621
16124
1057
10746
4219
16088
1871
8459
5746
8538
15574
8010
1106
5528
7573
1855
5868
12180
9248
2974
5172
12254
7671
7929
5812
5791
5248
1878
2582
10203
10121
15240
13781
5391
13858
14199
1066
7714
9344
9392
2943
14419
10204
11017
7957
4857
12252
795
15079
5895
13915
5000
12306
12673
4239
5110
10144
11155
9866
8439
4410
7494
7161
5338
3388
10906
13903
11021
4326
6086
345
9048
3727
3838
6059
7942
9121
14901
1941
13739
8986
588
1305
12332
1091
7748
8814
13125
1504
13373
10029
15860
14037
3566
13844
15974
6246
11245
2683
3090
14844
8090
14819
1405
13164
9218
6463
2326
9241
8256
613
12473
1972
8803
3349
3216
10964
6174
1432
7145
10077
1243
15948
11989
4230
1265
8006
15148
5258
6694
6817
533
8322
10042
14464
1550
14613
5475
10134
11929
3202
4991
1453
14261
3923
9131
15109
14703
12219
1619
2195
10073
14579
1113
9589
6030
5323
8122
12071
3343
6632
12137
14392
5885
5219
3448
14787
11123
12453
9413
10559
5694
9728
7121
8236
13420
12971
13404
7939
15963
5541
6837
5254
14063
14957
14168
2828
2979
15025
12705
2234
4864
1977
2469
12838
8524
2897
3847
6881
8723
8887
15031
902
2516
652
11049
9705
8145
10013
6916
6371
9464
10034
3556
10174
10246
4738
4920
14372
2212
8545
7557
7090
4371
6032
8286
8444
10864
3946
6155
3053
6526
9378
14028
5153
5077
13187
1027
11833
3434
10588
5488
3610
11991
6217
13899
13600
13930
7610
1280
11280
9710
9611
15309
10360
5548
8417
13562
11107
14391
3848
4471
10330
15354
3055
8098
1781
4042
11832
1153
11282
5642
10630
10627
305
9163
8097
12793
12623
12131
8836
5699
4812
6897
12604
12044
7878
12563
126
984
3603
13451
6983
15275
563
11364
9763
15555
13757
6963
11059
10957
752
803
15454
12780
11653
2410
8857
4114
5580
11625
14679
14824
6403
9731
7213
10256
12987
13973
14887
584
1557
12759
12899
15658
10296
10496
7880
1413
5523
9791
7363
5179
9095
10489
10504
2295
760
7138
8820
13990
4828
9122
13235
2222
471
6445
11664
14487
13859
14745
9561
12770
5988
10693
7640
9102
12401
3818
12684
1354
8771
15691
5735
2871
1627
2192
8776
11780
3326
5180
7745
12888
2886
14660
12389
3853
3875
3811
13836
545
5984
3924
10214
13015
15935
15749
12926
2239
2418
8559
3902
11405
9044
10068
10641
9960
14161
12827
3251
13239
8536
11448
14573
6357
13647
12060
4317
14748
1681
7663
1789
5244
242
654
539
13756
8855
4147
9539
749
14057
3920
13299
15474
481
4913
13854
8373
3266
10997
12322
706
9962
5411
12004
7431
5370
7054
6126
4400
13632
2385
15550
3552
3393
15829
14505
14452
4250
857
212
5779
14159
4522
8440
580
8326
3800
15332
8354
8823
16001
8201
14491
12978
1542
568
1630
4444
10422
11044
7651
5177
12879
16120
1270
11898
13967
5591
7343
10091
10072
14269
10269
1114
400
5799
15698
4926
13314
5138
2709
4294
8235
9717
12997
6557
3273
9327
15399
15456
12221
14970
9808
13902
6423
8686
12158
7664
13829
11443
14955
12690
15680
6105
7690
13087
781
12499
8663
13321
12122
5049
2629
11091
5517
14387
9784
8214
8931
2174
9370
13838
15160
4297
11317
7825
14371
5676
865
4736
16030
15211
8953
6673
14961
9146
3765
3200
5100
353
15306
15742
3355
5774
9374
6861
3312
15849
686
5874
8989
844
3943
14290
5379
13797
1268
11720
10048
11837
15078
7982
12266
560
8889
14746
4955
443
4437
11542
12943
1456
15450
1653
9176
5700
9430
11610
15000
15921
5767
10889
3989
12092
9821
13200
4187
15927
7157
12562
14773
12680
6548
9054
15417
386
2261
9211
15418
15962
10951
5880
1035
15666
199
3580
15472
2365
4327
14586
6973
10054
12217
5927
10861
12484
10017
9930
11688
15110
7987
6238
15614
6575
14861
1359
3464
7209
15448
1684
13871
1963
1194
4892
4198
11846
6891
4075
4200
13253
11877
14126
7684
2431
2238
1072
3108
11779
12390
14635
6090
15569
12912
908
7264
185
15983
1088
1041
14803
13515
10035
4941
14373
10626
13706
7092
8403
9431
11802
6586
12937
1249
12424
11768
1014
12021
9935
3535
10487
2710
1535
8593
2717
14186
5821
4876
14915
3172
13160
342
8289
6655
15892
5425
3019
11617
744
5994
513
7656
1528
13873
8303
10764
12886
536
7257
11490
835
10551
9462
11418
2834
7892
8881
12729
11587
1541
1118
2427
5107
5113
15108
15750
2317
10480
1654
308
2152
9830
376
9745
5444
16074
1141
15212
888
14849
5071
7749
1502
10770
9578
6515
2684
2035
3271
2300
9762
14299
15586
9130
9496
8295
11070
5301
12778
1056
7098
12126
6417
3244
3897
10998
14538
638
5032
11496
7590
3100
14457
7815
5020
2341
11704
8680
12867
2340
7830
7608
9466
10090
645
1632
12485
12625
7536
2489
15780
9575
2985
10053
7813
9183
6201
4388
6859
1533
15497
2351
11623
3977
15886
3555
15857
9436
11311
9724
3631
3062
7862
10526
11213
12616
12746
14542
2330
3272
9824
5813
5406
12175
541
13242
7747
6519
202
9199
11918
12581
12619
7600
13105
14232
6079
3173
10331
8196
6647
1069
13504
6993
12742
2462
1495
8192
6795
1912
10715
3573
6520
11096
4153
9320
96
13649
9869
8369
501
14553
8080
14302
10143
10488
374
15670
13039
11741
773
11080
6418
15404
5239
5209
14364
10778
15349
4427
7089
520
1939
14509
6134
4614
7127
5823
10037
7503
335
5956
12169
4462
11235
2197
11303
3627
14753
15251
1572
6344
1492
8121
13262
13812
15872
6770
9610
1404
3050
7525
9913
1806
13477
12230
4841
11902
8498
6396
12617
12341
11444
7019
408
6338
1152
10836
8868
5536
9711
15220
6179
384
1149
101
5238
10830
14758
14555
16
3175
11635
13166
1795
7923
9836
11112
6021
1751
4210
16044
4043
5284
4379
7256
9629
13393
12369
5451
9233
109
1029
2091
2059
8630
2181
4156
13375
3615
4248
5830
7514
8142
4276
4476
10289
4675
1196
7669
5753
7816
5898
5605
7064
1828
6400
11420
4254
10140
15021
14693
980
4145
3391
4713
13288
5603
12574
12156
9177
15805
6562
14671
1017
6455
7945
7845
15437
3459
3823
7508
7461
983
284
8107
10567
1375
673
2753
8714
2818
14209
1983
12973
6218
13089
13628
12078
8683
10902
12278
660
5510
12121
2554
11167
9504
10407
11193
6281
11592
5195
15943
10663
9261
8883
1329
12600
15144
6959
3833
7732
6385
14012
12273
10141
647
3544
2722
15132
2428
4415
4120
6625
1880
11295
15785
4791
6328
14564
2875
2937
7566
13577
3136
14076
5224
15312
8203
11961
11504
11488
9457
6828
6171
5575
6202
6205
14916
2013
2711
12241
11942
974
15202
1997
4430
15009
11820
1343
3942
2142
2622
11100
5949
11214
12167
2409
11019
8491
1235
12613
10503
629
2476
6147
730
2249
4741
9449
13591
1801
7871
10904
1355
1590
5651
13172
14131
1701
5054
7730
12672
6429
362
5955
11247
9294
2434
4321
88
5979
10959
13043
1949
814
9058
2061
3852
7489
7575
10846
10920
8487
8664
1408
8126
8952
4627
7023
16060
7998
13969
7818
6894
14178
900
2542
11050
7629
3046
3665
3192
5564
3599
10371
9882
9863
3235
11254
9418
2362
15034
7726
15230
8005
10497
13162
6672
8048
13313
8106
8399
4435
10006
15258
4780
2356
11764
1197
5076
9552
1048
13379
14367
694
14414
4922
13448
3205
1331
522
16077
1336
8461
12034
14694
511
13816
7965
9349
15755
9304
12904
13928
7311
15999
7641
4442
3747
3518
8024
13624
5857
9712
4639
1417
8608
4260
6207
9667
2495
4723
8253
1124
4776
5220
6703
7927
3215
13025
11148
1136
7395
820
12769
728
11689
13629
13047
3396
827
13395
7304
6845
14821
8685
1059
12520
6127
13656
2291
10983
12072
5635
4368
9702
2583
12707
861
15071
6289
14914
5210
6851
1064
14988
3457
10473
1849
11085
7243
3985
7261
15455
8015
10643
4765
5027
10464
16098
6204
368
13720
11888
4345
3748
8516
8726
4935
14762
4264
6814
2865
895
7123
6282
3962
13651
16040
15128
14817
13216
11851
9566
843
11648
14275
13575
16104
13072
5859
6651
3248
7236
8698
10147
642
2772
3723
12061
13199
7465
3104
4262
8670
11244
15494
6975
8084
10123
12287
2170
11054
5259
15527
1566
12070
12476
11109
7013
9621
3347
6820
4377
13120
9541
2830
10766
8895
5667
8124
5505
9630
12708
6619
1236
4206
14771
15388
3704
2079
5184
4402
8480
8700
7585
549
7609
14025
16100
2108
4772
1204
9622
4904
7624
11304
13035
15600
12955
1543
8897
16119
10244
11332
13280
9658
9485
7902
10618
7383
15104
9062
8066
6370
7278
7387
10083
3643
8827
10863
8784
14826
3497
1662
864
5907
11495
7647
4053
11746
12263
4735
16048
1076
1902
6437
10690
2377
8347
11692
14259
1666
10299
6728
10621
4346
163
14054
1248
10237
957
8728
15712
13841
4279
13135
9041
8549
5036
1648
13508
9714
4064
14050
1034
14183
8496
2783
2895
1040
3186
12256
3595
7150
6757
7856
9143
8363
1511
11738
7006
13002
12852
14515
12841
11412
192
5428
3531
3400
2687
6705
4523
7545
11113
12977
8770
13916
11071
4914
11479
969
10097
8489
121
9006
8543
3988
13497
1278
5712
6870
15427
8349
5133
1312
3651
14348
8796
10038
11552
14767
875
1708
3476
13007
5839
10107
7285
9003
8078
4778
6952
4008
5751
11388
14444
4475
11816
1085
9520
6577
2538
11202
12783
8610
7082
12264
14941
13561
10971
7033
4657
515
5278
4332
11394
12843
12865
5273
14839
303
12605
1139
10528
12927
7743
373
14067
7983
5663
2672
14649
8116
8763
8339
12402
6587
4274
9358
7433
2471
9926
11514
6998
10674
15690
4731
9801
2408
1318
8484
12132
15634
9351
15426
4747
12905
15928
4409
15799
5490
2970
1396
7981
15923
3804
9029
5696
831
6264
4615
2541
1440
1226
7423
4101
9990
6070
13110
8050
9655
10206
9422
445
2796
10726
14618
12930
12982
1503
14460
2531
4028
15846
6115
15765
3618
3043
9653
6732
13425
2455
14684
4858
15633
11396
3142
16019
2795
3344
6343
12627
1868
7691
3928
7389
13252
3758
5307
9907
4152
3130
8316
1562
10209
11503
5460
13684
10119
2911
4797
10608
1431
11822
15081
1671
4472
12382
9185
4721
13391
666
5168
2081
3591
9401
1121
11286
7166
4320
1798
3584
3407
15480
4762
8451
14075
12975
10745
15490
8948
2551
14580
13407
15987
7547
4352
15037
9734
9970
5624
13952
11205
8009
6838
7595
10938
11590
5251
13426
10511
10007
3219
7953
15451
3937
11165
10801
10817
8172
4825
3846
1425
15812
2786
14238
556
11880
4292
2242
6999
14173
11578
16076
4606
4902
825
10316
10840
13664
14526
10469
10845
10747
15676
7727
4609
4711
3334
1374
561
14332
8576
15501
2333
3313
13419
2945
14016
3395
12396
2312
12075
6932
475
949
15572
10919
14056
5508
2252
3622
14195
12074
2014
15340
607
7594
3340
14046
7776
13879
14399
5455
1220
14400
1449
13406
12098
9507
10531
5117
1037
9127
4015
12319
12634
15719
11362
11005
3786
8597
7548
7240
1976
8902
14836
398
9468
8721
3110
3568
14626
4045
3601
2285
2732
7246
12288
15030
4701
8792
9608
5203
8306
12706
7241
14331
7635
3600
1390
3541
6139
11407
789
11865
349
11330
6611
4782
13717
435
986
11911
11011
10605
8169
987
10992
6529
14378
15213
13443
3083
12552
4624
909
3308
341
1672
15533
2848
15233
3152
11605
1325
5139
8519
14136
1667
5127
16133
3265
13897
6797
5089
8143
2513
14451
11777
4214
9216
9376
4110
2928
8266
1205
3264
9367
10234
5896
176
15708
14922
2198
7279
1584
2603
14031
4021
1611
9567
4906
15252
887
8140
6312
7785
9818
3473
11854
11429
7774
8581
10170
7518
13351
1209
5737
4824
15204
14103
14146
2658
559
7558
13077
9023
14257
3427
6447
13856
4581
13275
15543
6187
9933
8402
5476
9215
6018
12528
14344
2286
11342
8636
9971
16005
10015
504
5008
944
10986
5920
14338
10323
11251
6040
7811
12522
7169
1712
11162
8478
745
9509
6991
3745
11535
9938
9505
5592
15891
10158
10883
4411
13119
771
5159
4983
7450
4232
10474
8058
11650
7677
1367
12834
5792
13805
13371
6285
8848
3812
14811
13183
6480
4054
1807
3769
9593
7955
1237
7318
8858
1638
11957
3716
3596
1714
5004
15868
8211
10561
14165
3849
6473
7952
10936
13441
12540
3964
14834
14581
2439
12260
8314
1730
15930
10258
9213
15439
9119
9676
8642
463
5268
3583
15902
16081
2008
6539
4956
3071
3813
12464
11042
14973
14605
4392
10903
14776
11935
12017
11577
10833
7854
16080
15619
2720
15559
5587
1308
12417
7961
9813
961
3230
2918
2844
2324
2283
2128
8833
9037
10644
14518
5819
194
4632
8356
6606
3504
13126
2702
5128
4705
6501
10566
14981
14989
2233
11459
5392
6049
12216
14366
4930
13901
12892
6631
6620
10196
1429
11022
6681
11324
7769
11030
5732
5167
12692
11334
14847
7044
3389
11321
1526
5280
68
465
4950
2837
6307
11716
10712
394
14974
8540
8511
10010
4597
3565
14115
601
14080
5561
4335
6025
15728
11079
4009
4861
4078
4574
4514
4420
4121
10773
6874
5121
10052
12740
11184
2593
4769
5692
9290
8635
4426
12168
2416
16109
9592
13626
5499
340
8226
4322
15315
8647
10708
8762
14182
4491
11470
4946
5695
948
13579
5197
13533
4196
3267
12643
2361
6602
12580
13016
3182
7803
10021
11963
8199
7313
7208
8243
10486
2216
9888
6402
10172
7622
13343
13678
15145
13926
9937
11018
2095
1959
8455
8449
4709
10775
9779
8793
11763
6045
3432
3850
4665
14950
12155
13517
9291
15553
12345
9014
15171
4072
316
9781
2453
13527
8029
236
15820
11882
13592
14853
11964
15236
1184
6878
2316
1225
4881
12956
11398
9901
131
8181
5146
8779
15176
15330
14794
2769
6561
12297
6710
16072
6641
11273
2194
2944
9797
11365
10569
6769
1961
9487
3917
10827
13910
8318
385
11121
14873
14786
4706
859
15976
3974
3061
14204
13397
13905
10302
8676
10755
885
15444
10247
1307
1486
7061
829
6310
2803
11028
7227
11182
5709
5298
13341
10968
3731
11164
15549
2727
3447
6713
11599
12077
4757
5059
8073
2487
8816
13564
2558
13874
16099
4351
12526
7093
12223
5068
6256
5652
10800
15895
9544
14588
10306
1377
15365
10678
4655
2435
11003
1406
6342
8085
11325
11232
3802
7156
5419
14689
7968
15384
15929
11673
13731
8127
5266
4585
14309
6953
477
7561
15323
4325
15331
5442
4018
10716
11875
10230
14982
8279
1689
14285
13194
13298
5480
11152
15238
8019
11721
12125
7544
769
1212
2757
14655
2625
167
15859
1652
14732
14929
6411
10092
2967
14162
3940
4033
15995
5255
15446
999
9543
15879
13361
2800
4257
15216
157
14048
9442
5773
11644
11941
10515
7903
6964
7794
9120
8228
15514
5115
3241
13012
13188
5297
10044
15661
15629
10909
13019
4186
4451
5017
2099
15640
2100
2393
12103
10191
2901
3757
15877
82
1326
9282
5501
13635
2940
5805
15088
4052
5023
383
13499
12582
7340
4662
7479
7325
6962
12519
9732
2560
4328
1416
6899
4982
13741
14081
6097
527
12069
9723
10599
1276
9515
13934
3614
12536
1182
9501
1311
7757
6807
3321
12441
3906
11484
6508
5932
15423
5657
12914
9096
1788
15028
10593
8095
3687
6948
1287
11930
4646
8618
11999
6306
12293
3170
250
11132
8809
2797
1561
3993
3994
7974
12691
6595
2601
6990
2345
7828
12166
1574
13994
10401
12590
9254
13465
175
6406
9841
1428
5094
6717
64
2820
12779
805
14170
1745
7456
7068
1509
11051
1493
12248
12314
3474
15647
11987
13630
11545
10661
2208
14490
1606
1053
3405
15917
5861
10591
10262
10084
12572
11527
15761
3611
14187
564
2135
14975
10790
1166
12040
12589
12437
2677
10332
16097
5075
3240
4594
1582
4108
8920
13881
14725
11180
10954
12492
2855
8174
4499
7338
10187
4418
8705
9738
2328
14820
9599
12280
7111
2782
2620
14079
15416
14763
2881
130
1474
9645
3844
46
12704
312
7203
12966
14740
7071
14132
8703
8030
3101
582
5608
8479
4456
6950
15328
7144
1
778
8053
5430
8274
8826
7188
8934
14425
1512
3872
6233
4976
5286
15096
10400
7155
2092
13225
5166
5706
11399
919
3373
13147
14102
9868
8442
1135
1529
1626
11513
13452
7273
2635
9931
12395
1546
1771
5154
266
11540
331
5250
1670
6071
4367
2463
12809
1479
714
3072
6462
10437
11066
10156
11439
8276
14233
15706
1039
8463
9104
9347
15890
6658
14862
675
6430
1844
1679
11608
1966
15961
8136
10122
7543
6441
3546
13886
8712
11238
12961
14323
7344
10753
3697
5555
2028
11262
8961
4204
7857
10842
2111
6743
2360
11791
421
11633
10981
13476
12346
4868
2780
2675
8621
8914
4669
12554
13128
5718
11815
8917
4795
6919
8453
7009
3950
2657
1133
14633
8563
3269
5860
4111
273
5882
7930
6428
72
2123
15398
12679
7928
300
1580
11739
4677
14095
7247
6269
9617
3839
9527
13654
11588
2594
3429
6884
9862
13331
3162
4366
2607
3197
11055
2206
15651
14909
10018
12279
12481
13772
11188
11127
10465
2515
6461
11786
1130
10815
6588
15237
11997
244
1306
5945
7528
6746
14220
5953
1415
4634
21
4036
9500
13716
8711
10025
1451
11921
8433
9750
11374
10282
15272
7114
13468
4234
15781
5064
2559
2968
2055
14068
12723
1750
7706
15352
4277
13837
14468
6308
2759
2262
2400
13598
1071
7350
5320
3232
6383
5731
1513
6415
12095
15537
5302
6078
9861
9478
7539
10429
15506
9765
5118
6401
605
3127
9355
11339
12798
10178
1384
9894
1604
13435
1143
3507
16105
9875
267
8541
7490
14540
558
2581
9295
11912
5063
13142
1362
2833
13986
15492
1188
4188
9807
11863
9987
6236
15588
9382
9558
1863
8657
9435
4126
5516
9851
2297
9097
3309
12800
4035
6591
7592
11279
2689
4621
14544
14466
2048
1875
5105
6821
11582
6041
6464
808
12810
1457
9379
14528
5867
2662
6649
7015
10913
3418
12039
12524
12083
12086
15387
8319
7770
2904
4112
10879
6802
9881
8325
3701
5416
4903
7562
1594
6035
2026
12199
11778
6842
12271
1145
13485
13250
12066
937
5243
7883
13945
7410
11278
11472
12875
4066
4122
6466
3328
117
7648
6676
2158
9455
10688
1669
9148
3163
8210
1673
16008
976
2877
3146
9596
1907
8812
5161
4129
7326
4579
661
14357
12259
1463
3369
4194
3234
9309
5041
13509
12196
543
5684
14907
13134
14205
10133
5056
2661
13469
10729
13870
11368
2981
14474
12848
1881
12099
9661
14828
12148
1967
12347
6304
7553
905
3900
9440
3212
11201
14431
2096
9387
9093
2907
13501
12050
9729
9190
6790
14791
1522
15284
6994
7349
4565
688
4278
14796
15671
11462
12896
10105
11200
7198
14561
15687
6540
8529
8564
8472
9182
775
6689
15461
3990
9057
11879
15155
3951
7731
3041
14841
16110
12194
8875
8059
3649
14890
14157
6325
326
12939
1515
9007
15141
8280
11903
2568
14229
2572
6192
3137
6424
14513
14311
6037
10995
4027
13075
15359
1695
8338
13792
5304
10192
13454
2602
4894
5216
15779
7369
9598
9255
4419
9293
15818
12100
6722
2348
15086
5015
9744
11893
6046
15495
7403
2804
5261
8272
11564
15914
8460
10945
11239
12327
7162
9854
14202
4093
13092
14963
8969
2969
13437
10805
4866
13855
2246
10184
4737
6186
3167
6749
2436
11993
5081
7171
9516
14415
2465
5164
12019
12152
13349
10106
1761
3285
15400
15262
15894
7870
15597
3793
3099
8918
971
12030
7332
5724
7146
1659
15505
11781
8978
8227
15221
12724
5633
10647
4404
10153
1335
15245
10675
13751
3470
13955
8147
7391
4608
6444
5623
8873
9994
15250
6726
10040
1848
10549
1497
7832
15394
2182
11449
4591
1298
7636
11067
12946
1300
3695
8768
7750
5729
7626
8596
3960
2544
5053
15040
9046
2339
6532
12114
3968
36
7129
15637
14643
8365
6699
3888
11151
5666
9514
11913
3799
5143
10457
286
13081
12289
12715
6712
1620
3490
1099
6801
4592
8737
9432
12179
4079
13330
13680
9982
5798
2386
2825
1383
13057
12498
13204
8026
4228
3524
1217
9897
4911
13663
8522
1167
4958
826
867
4678
5639
7167
3954
15702
12812
3076
10636
14911
14697
9759
8552
15578
4059
10343
15641
3315
1402
3174
7217
7000
14212
14436
13038
5223
4497
13257
7388
6362
13935
12710
3093
4231
7328
3091
13743
6440
4572
11206
8832
9603
9972
4589
581
14336
5579
13700
4506
11869
4806
15278
15526
7413
7473
7972
1823
1309
12518
913
4425
9030
10933
12918
1323
2646
12487
14393
11723
13141
15019
1409
5397
11401
6553
9625
8992
8028
7380
12681
2260
10398
3190
9936
12797
4963
179
2764
15429
2389
166
7504
337
960
5407
15606
3387
11595
14313
3807
8843
15195
9126
3003
11004
7232
6393
11910
11039
1989
12980
15326
5846
10804
10646
862
1602
10392
13616
8970
4074
722
9074
11850
11053
13400
13378
2470
2437
5966
11656
8974
6806
5730
3196
7195
12620
14188
1889
8341
3814
3199
15665
11351
3652
15996
6560
3030
7689
13556
41
3690
2942
6453
13232
8973
9031
3036
11672
4165
3141
2609
13403
9521
5679
8161
12931
13995
9927
663
1623
12868
5685
10276
14448
11887
2872
1372
10012
7799
14160
9570
15187
1172
8100
7889
6157
3006
4347
6320
6009
4805
5775
15059
9534
1916
4785
4755
3260
7881
16063
989
9377
6164
3729
13127
1093
5369
1879
10428
9775
8662
2839
2318
9839
4466
10758
9276
1122
11194
6645
1148
11487
3381
11575
10065
9536
7136
14735
13423
15283
11965
9298
14166
6194
9321
15790
13413
8332
8305
10367
8311
1703
866
2884
11724
10544
10590
9109
3424
13396
3416
8270
14479
10873
5836
12239
15678
4885
10772
14609
2973
7315
9249
10424
1210
15229
6609
16093
1785
10823
4267
4929
294
11089
15336
11361
7151
12452
10700
8032
14142
7202
15292
11544
15029
3058
3749
1465
8047
13735
11373
15041
13715
3007
13826
3069
748
2117
13796
2290
15127
10359
13736
13052
243
4540
8922
3752
1033
1286
4212
6359
10961
15369
15910
15302
1996
15979
8261
7809
10004
3756
15470
662
1614
9811
5187
6954
11404
9643
15565
12142
517
11511
10682
12697
15705
5581
6589
14140
9721
7699
8977
13867
11141
5871
7274
5991
7348
5613
12212
5993
9461
13380
4998
461
15039
2962
9448
13613
7168
3487
11301
9307
3132
10724
1155
60
1842
14110
7176
3158
2972
8
13774
7300
11872
3907
2540
11437
6623
7302
9641
4353
11680
12657
13196
15214
12422
13597
3040
8352
6652
7016
238
1213
11509
13611
10436
2955
11309
1206
4006
15958
5982
3781
5282
15158
5611
12229
13885
14534
746
2138
4455
3362
9258
6156
6469
11269
2307
6283
4270
12514
15994
7505
2591
9722
15142
2532
13276
14878
12577
1600
14813
9941
10609
14917
10447
6255
13688
1927
7245
6700
12178
5222
8885
9820
14520
14222
12189
3773
1353
1992
3971
8601
15735
3116
1569
2191
10249
6741
3368
5909
650
15827
4823
224
6692
8033
14120
9850
14926
15235
4516
2685
725
75
4452
10771
4235
785
4339
5515
13124
4251
3451
13495
13049
6988
4318
6590
529
3303
10508
6116
6056
1767
11310
13095
2578
15129
15524
5650
6197
15458
15863
7478
6427
11982
5120
2273
14556
2808
6889
611
2015
9996
261
3384
5563
8675
6908
7995
12295
10669
10342
14307
5582
12506
2373
10225
6510
4751
7947
2774
10210
5560
11601
9252
8425
13729
4947
4895
15793
5780
14669
4891
16018
14928
14814
6567
6276
11967
9616
14716
13511
482
7964
12020
9914
6702
12379
3111
14998
13606
6387
8343
8180
9197
8220
3837
12120
188
6939
12068
3712
10723
7099
170
5879
10672
5477
3677
3453
12531
7722
10893
15008
2364
404
13537
10138
9535
16053
5632
15602
9101
11753
9123
15303
3668
5612
14522
14670
15645
15844
3998
2752
15626
10885
5629
2282
3918
2792
3452
2405
5972
5405
6067
13301
15882
11793
9281
7916
10825
6439
3406
7977
3229
6580
11379
873
2671
3871
4800
4460
13817
125
5160
15918
6419
14785
321
2938
12416
5538
12477
9375
11772
4149
15433
1637
14562
15103
15939
11740
1999
10826
3180
13408
14135
367
2637
1925
12648
14714
7322
333
5728
5931
324
14428
2030
6977
10387
5851
13098
4130
11948
12323
13759
13446
9877
7031
13850
7293
2857
3275
8123
6622
14639
10849
2989
6379
8715
939
13888
5465
2613
15361
8620
15445
837
12455
8436
11352
9335
8599
11883
700
3991
7359
13231
13223
6229
9660
567
12857
9444
15085
8132
12818
3835
4942
8320
3422
4550
5738
11892
8249
1344
132
12404
1177
14206
1100
2379
5962
14412
13430
1452
10161
743
7729
8072
15956
13132
3242
14377
13937
15941
13884
3949
14254
3236
3022
12861
10318
10109
3654
12853
2199
7700
5562
15072
7197
5509
15845
7216
6946
11859
9463
12640
14263
5831
3123
10581
7237
11953
15465
14119
12091
7537
11275
9495
9078
9072
11659
530
6386
3316
5531
10786
10793
6639
11014
11624
15396
12201
149
12989
14488
6727
10848
14987
13607
2440
11614
12535
15997
4804
2247
439
12309
9158
12150
4319
15582
1762
1058
6096
1487
4307
13590
3771
7630
5080
12537
7851
449
6698
6085
8936
8583
822
14036
6885
8051
8500
4923
3515
12872
10298
12312
15106
2813
9718
49
13295
3171
10484
8082
6198
4872
13963
393
2645
8577
299
8607
851
5570
3294
4039
12776
12440
10414
14876
5355
9477
15481
4918
832
2045
12015
15901
14617
8586
5559
9512
10888
9342
467
8987
272
1517
410
7172
5942
10240
4598
8348
6178
1699
5194
11526
11557
14788
7163
13458
15884
500
3645
3034
13473
10200
6600
3177
841
13398
10079
4873
12457
7797
6761
6756
6629
2485
5733
4076
12624
15453
3761
4631
10085
3865
8555
11186
10336
7697
7667
2838
15477
9993
2019
15991
3290
4649
120
9924
13368
14519
7567
6454
4826
9475
7288
8250
9963
14686
13984
10277
1752
4629
13639
950
6332
4044
6867
2132
1478
5742
15137
1140
1454
7372
13936
2457
15534
5677
8278
13103
15532
11455
1757
9265
14003
6516
8153
15177
8546
13
8749
3648
2063
5755
693
6199
3258
7988
5894
14927
14289
10168
15405
12321
12140
3766
10620
10713
1244
14441
16026
2695
11586
2398
11133
8120
15561
4116
5662
6117
9336
3149
13604
15720
15968
891
13208
15523
2992
4479
484
6704
965
13913
6082
15903
15226
14276
7810
13222
2562
4845
8510
4932
2525
1165
12434
10696
9205
25
8360
3882
13525
7420
11976
322
11684
12739
11532
7772
13333
5722
2762
3187
7678
8183
3335
10319
14384
6405
9831
3425
2280
13067
3423
10002
5781
9533
13950
11734
13878
3360
14352
2777
13623
11287
1437
3746
10869
8375
2610
8259
3830
11259
10679
12165
4787
5524
3323
15817
9684
5933
1556
14902
1598
2343
5367
2823
2619
14552
4704
11710
1117
16020
4233
13701
14201
11497
8600
6863
15111
7532
6274
4401
2479
10952
14808
11158
11015
12468
2805
754
7533
14630
2588
13061
3426
9345
11927
6077
9139
7715
296
4331
13802
7546
11354
7358
10281
84
5929
14976
13834
1538
679
14864
14061
13319
9253
12466
9064
8544
12028
15165
1369
1412
7066
15936
12515
731
2264
12283
12842
9446
12053
3659
15664
12512
14865
7824
15520
11453
15618
6914
1221
7604
9159
6541
5703
5305
13442
12285
1994
13555
1038
11944
3686
7752
9873
106
14583
3598
10907
7709
4138
1420
5847
228
12016
12163
10347
13580
3145
5380
5957
2006
2069
5468
5070
3489
8681
6267
7418
1195
3408
3528
13342
12331
10554
14380
8224
13866
12213
6918
12795
519
10093
1501
1934
13044
4832
7024
15044
5439
4031
9222
1748
13667
10235
9961
1030
10033
13156
11556
11241
5550
8660
13246
14014
11369
11531
425
2414
7184
2005
9236
13690
4989
5858
14560
1560
7190
9144
945
15938
8746
15154
4854
5585
15947
12869
5659
473
7860
9580
14736
14089
15466
2864
7269
2180
3728
3548
12682
8980
13283
13146
3336
14354
15288
2403
4779
14355
14759
6524
3358
3919
14932
2259
1179
11378
8273
12595
4740
8551
14298
13228
15547
1102
592
1494
10137
5796
12725
7444
5021
6739
8550
11621
1279
15510
13634
3247
11662
11356
15033
6102
3238
1466
1764
9525
8852
2275
13536
9545
7119
1553
883
9730
14768
5576
2473
10562
4148
9929
1674
4215
10960
14623
4445
1128
14584
7010
1025
7841
9317
635
8829
15814
13494
8362
8462
6467
1262
10816
14642
14651
10940
7312
295
8290
10118
1508
2423
3735
3666
10942
6887
9331
11229
13006
6800
2229
15992
11328
7649
2202
15084
1154
2372
6875
6284
6120
3067
2971
7474
5877
13908
10384
9151
14640
3176
15485
2320
14422
11593
4801
15329
2359
12907
10195
4113
5545
12233
11607
16004
85
4495
856
3472
2441
1815
10260
10887
7808
5892
10459
834
4463
1819
13676
9716
11630
15366
15504
3658
10207
9683
3460
6026
16022
3298
1202
8384
10568
3509
14700
11376
13862
9365
9394
9904
4493
10160
9091
2737
5473
14590
4661
1271
3496
2896
2101
11177
14086
6759
3908
11627
406
11211
13712
6687
8420
7829
5368
6270
14751
9084
7979
12456
2730
8514
14340
9424
10253
11062
12919
11416
633
12828
10697
7374
12329
2556
10935
2070
1016
11083
12258
13750
11061
11482
9251
15428
9352
8111
13364
2047
8020
2023
9380
6803
7793
1376
5025
15279
13193
3345
5352
9479
13238
10735
3121
6351
7265
555
14925
15511
1882
784
643
12354
9511
1704
1980
7088
9695
14980
12513
5507
5543
1012
5429
15422
14001
10261
3876
2039
14945
13327
2344
14895
8456
15883
107
128
8039
10060
5600
10677
5052
13795
14478
13292
10402
4271
5864
7833
11149
5566
16106
11528
9742
610
13394
3038
9237
2688
3563
7409
10575
436
9582
1947
5750
1717
2007
7584
10749
914
7897
6273
7795
1749
12550
12392
8068
10762
9354
12645
234
12446
6446
13365
12984
1650
3623
15926
4229
13896
1758
355
9250
15657
4580
10450
14880
2936
9992
9688
7118
12994
10819
13498
14144
15441
2334
7848
5270
13045
4953
4380
12203
10215
3881
3750
3662
4636
14191
13785
14044
11750
9998
9388
13236
13682
13726
4759
13933
5363
2258
6530
7601
2933
4533
13730
3020
11861
2564
2527
10131
8624
5686
15748
13312
5033
2310
8408
6685
66
14621
8521
1393
6617
10305
2703
11255
943
9259
6544
4481
977
12965
7107
5277
14521
15540
6412
11996
8933
2628
572
1567
15631
1609
7376
13699
6248
1189
6252
2160
9340
12950
424
2779
5169
5318
9884
9085
14921
9470
13574
7073
9985
9386
3220
8591
10776
13609
13434
9411
5829
4951
2088
11645
4049
12335
3742
5135
5558
8130
5913
13150
9848
8091
2337
6295
2599
996
938
11706
2721
7335
15824
12463
7506
14200
2587
3629
2313
2382
6766
7345
15839
9076
5024
5925
4358
7966
13431
7451
13906
10750
6740
14709
15621
4808
1433
1710
8655
14148
8255
9789
6533
3628
9620
7589
4055
4924
5532
5512
4391
11934
6016
5336
2512
5845
8350
12496
4487
13809
10179
10238
7384
13987
6048
2627
15341
14040
1622
4684
7967
8615
4623
713
8756
12575
4012
6872
5042
1779
6431
6110
2010
5974
9302
12741
1734
4305
3074
5542
14402
11805
13359
1854
8871
10129
11560
3466
13989
5644
11048
14894
11175
3440
5136
5233
1299
5218
505
12687
3553
4850
16027
6061
2130
4436
2736
5574
6334
14297
5481
12801
3806
1900
129
13890
1837
535
15815
10130
1861
15373
13366
15803
12228
9404
6358
3795
1709
13582
13436
9701
12667
14239
14375
4613
10686
14493
14013
13771
13030
7733
11713
13705
4686
2071
7885
9636
5749
5850
13568
4992
9840
12377
8430
15116
10725
4917
1847
14069
83
7734
2241
11678
5176
11562
12615
8424
4520
14717
13118
12551
13279
992
14969
516
12296
4180
2987
9000
12364
5786
15488
8846
343
8358
5048
2754
14687
12631
1070
6329
12357
8954
7399
12666
3790
13529
13545
5134
4468
16023
8893
14597
14536
1812
8238
3788
419
2399
13794
15951
6556
6683
15289
6352
12638
5467
12270
4693
16061
15022
3856
6287
311
11199
1438
4803
11190
1018
5797
5276
11559
11508
11489
431
12141
1914
5526
15294
15307
910
9532
10859
855
14180
11156
14984
7091
3021
14668
13392
14868
11838
13412
1356
1917
7511
14346
14137
5941
9917
14690
3694
11871
13603
14659
15432
15856
2809
1822
924
10086
10556
2156
1470
13548
254
2501
6337
12609
10548
7201
815
755
7441
8213
10545
8065
14530
11994
2552
14511
285
11548
13882
14744
15434
14936
11922
833
16028
15015
9605
15854
1075
13418
15308
7551
11907
2889
10742
4005
8752
7251
10338
6758
7104
15073
6778
8118
11667
9579
15746
304
7526
5963
12160
4184
15440
379
10403
9531
8713
8580
2869
4067
6228
13347
6361
10139
9690
4746
271
1327
14471
16067
2321
10558
13965
5878
925
15754
7569
9838
1536
14656
3150
2908
5500
15260
9805
1094
15310
168
10706
7008
3411
14871
3253
6258
9284
13388
14465
6426
2171
2758
15668
2072
14934
12411
6779
3878
4023
14931
12334
11
13116
12578
15539
13149
10851
1544
12188
11263
5817
3702
13754
2062
2860
3936
6735
5741
7096
9454
3663
12269
11268
4577
1995
7638
12195
8912
11227
3131
7792
12674
6634
10028
1935
1207
14666
4582
6682
6995
742
5873
8390
1084
3433
12639
4702
453
9065
14281
6062
4851
7800
10274
8387
10513
6883
15998
1442
13804
8427
695
4017
538
6583
1421
2743
7556
3435
15368
13438
3581
15695
4536
2442
13377
16114
134
1436
14904
1310
9499
12304
2998
8730
4167
10757
13587
8386
2580
1156
10989
664
14611
10224
9488
5122
12310
89
7758
1867
5212
14541
14523
15675
2112
6388
1559
6627
3488
11140
13033
15193
5964
6353
9506
11848
3048
5748
1296
3948
10589
12664
12045
739
6181
6706
7206
5132
3569
16043
10642
3409
12882
6523
4839
6132
15587
6374
13464
10736
9945
1441
7271
8445
9346
5267
13155
1426
10737
9164
2395
15350
6226
10890
13022
2634
15655
4535
8204
3828
11647
5547
4159
6189
5727
881
15834
15544
5646
11787
8450
11743
4242
15833
2927
764
3378
8741
8633
15168
2357
11736
10694
10074
1015
2021
11758
14101
1261
9071
2534
3527
2296
14226
7469
5486
14334
1891
15120
7591
5149
13350
7189
14760
10265
357
2205
1521
15413
12450
587
3254
11568
15035
1846
3302
10583
15249
13417
2390
14066
10177
7724
7034
12530
11323
7415
15143
1115
14702
6364
13195
14497
15546
1101
1971
13752
10391
5178
10365
11702
4960
10796
10444
11403
4954
6432
4859
14107
6243
5144
4674
7134
5365
2
278
6277
6603
13085
5916
479
4117
9806
3277
11000
16084
3567
2223
12732
15299
1190
13839
3542
6348
12313
3873
12538
11329
15180
12815
8527
8650
1869
2210
3124
13599
3410
10050
4519
5833
1722
15577
12308
7925
3984
958
16009
4038
14480
4032
4197
133
606
1692
5739
6907
10739
6331
671
15487
7051
248
9384
3721
7379
10665
2106
4163
12255
5374
9870
14211
11285
3401
14059
12375
8717
2584
8177
3934
12439
10947
10834
4799
3306
5109
11567
1539
8509
2741
9922
6667
6042
13940
9776
6001
13272
6833
15970
12549
5595
10461
4092
16014
9618
14388
15172
12718
7165
3412
1316
13111
3097
4856
14253
10051
15653
12925
12544
389
6449
2605
2852
13034
13703
9837
12561
993
11639
11945
5711
2281
15973
6551
8407
7072
9609
12408
3225
6038
7713
4648
15125
1031
2114
11683
8945
14099
1191
7346
3707
12232
14405
4974
4539
7819
5627
14937
2116
9547
10014
10024
12054
3815
14848
6119
14337
12941
15766
16057
6316
5459
7253
3257
8929
16135
1760
13483
433
7835
14979
241
935
5762
13500
2164
9662
9798
4855
10280
11890
3077
766
2807
3664
15319
8561
15247
13815
4588
4298
8797
11434
8598
3685
9932
3341
14214
4555
6512
5450
8494
4164
8221
7864
6669
2274
8720
3484
2949
12775
7331
2102
11032
15652
15335
7491
6996
11485
15254
10875
12164
14432
5019
2322
13144
5412
1802
4190
11727
7112
8894
12910
15464
14029
962
7685
12928
4389
10948
574
314
12630
9666
11660
4381
15697
11905
8854
1516
14733
11584
15967
8691
9280
8231
4789
10375
7755
11807
6369
6825
5432
12796
6555
2146
15557
12240
692
8254
1109
13237
2140
6211
3415
9651
9124
11860
14986
298
15457
897
12756
14775
13971
9528
12479
14416
3926
7235
5112
12651
15131
5824
2755
8022
13863
4170
12133
8394
9670
6768
4343
10550
4977
8805
13427
5693
5007
7449
7292
1222
3587
15740
2115
8079
14347
150
1872
10918
4715
203
6813
11505
597
10263
8131
591
10769
13211
5034
4342
10850
15713
11856
2375
7599
208
5844
4374
10043
8898
921
5232
4333
579
3550
11604
12460
11862
907
953
10838
11576
7386
11919
11897
4794
11087
1240
7239
12014
6573
159
9272
12901
1579
3809
12207
11813
14139
3417
15147
3578
9988
8694
3672
11581
12348
14026
14356
783
5447
9979
5334
7660
8795
7339
3485
13807
4246
3635
3366
4966
16127
9764
15725
12906
8125
6084
2276
11697
8616
11681
5862
5511
14889
5103
12403
10442
8790
14967
11010
8412
13919
3841
15248
8944
15774
14389
4784
6024
10854
3772
9773
8404
8641
13399
12231
4822
14721
8572
687
6816
12106
12448
3605
11064
10070
9230
7951
10829
12431
4560
15183
3895
6495
15026
14437
9008
10710
9656
2748
8042
6261
10858
5175
13830
14657
1445
13522
3593
3012
11312
10507
6784
3774
13835
9390
12274
3791
13610
4509
15628
7130
9417
14034
2054
7207
9219
3151
1668
15870
13264
2638
13260
6169
4940
6680
5891
13520
10543
14918
3505
13776
6882
10100
12832
9640
10453
5763
4489
5734
14360
1233
13131
9243
8574
8780
11343
3832
13261
11454
11217
15383
14316
6477
11529
3609
1490
11103
2747
6633
9844
13652
16134
5998
9260
12467
3380
6249
13005
1062
10036
9
13227
3188
6848
2666
5111
8133
7205
13325
16096
13334
33
8926
15486
14434
9983
12662
602
1455
15679
11984
7984
11670
14343
13891
9574
5680
2876
11640
13159
7555
3780
8924
11530
15789
8195
2207
15067
12459
14
13357
8960
8397
4453
15156
1242
9900
9833
11400
6180
1739
6188
3866
8173
13765
7865
13578
7814
11441
1295
10730
10113
9132
2278
2623
3647
9480
911
5637
12003
10573
15694
3577
6858
5923
14972
8415
9761
507
2215
1813
777
10552
16089
4056
2122
4546
10501
2870
10525
378
6420
933
6196
4082
1476
11292
162
8661
13181
11609
102
6113
5441
9865
3929
10441
2812
16129
8344
8783
12695
10898
9490
15415
14939
3915
6531
4421
5820
5038
1857
3930
1290
697
8869
6019
8764
5534
13226
13255
4172
870
3338
791
14210
3420
11896
15003
10259
16143
275
10475
16033
12781
7289
11978
1045
10702
8426
495
6314
6221
5456
991
1724
12376
9137
9696
7219
11857
2349
4359
16017
5827
5678
15674
5571
27
15627
14749
5589
13534
3449
11612
4222
10868
12953
8448
9491
6767
12026
15070
12478
8476
352
1715
5157
9876
11336
5183
3035
148
5214
9024
2982
8802
10963
11102
7132
7079
15452
6506
11337
9878
4510
6772
8471
10976
8483
4586
6671
14524
7670
15900
12058
2043
2338
709
10922
14221
15412
8114
5291
4973
12633
14882
3304
12855
3976
4752
14533
4384
13051
108
4238
10818
15064
10353
6893
3718
1275
2831
105
61
9289
1178
12462
15836
1686
557
7277
7571
14141
15083
8129
2139
15074
7658
3125
9828
12311
689
7143
13059
4766
6083
9709
3483
5199
13516
10522
6621
1635
5960
5031
3221
13877
13727
5479
7210
14615
1982
1422
4753
5493
10295
707
2545
14840
3944
2931
7022
10821
16108
3619
2647
15767
5597
15348
1545
10865
14510
10350
7060
146
15842
12721
646
9138
6955
14256
9799
2529
6857
10505
2698
14499
15530
2539
4069
8309
8704
13732
1558
6452
138
3759
9315
13001
14304
11218
11178
1107
446
12373
8405
5939
5935
6047
3768
5469
13612
849
7319
14638
186
8268
3028
5448
6347
1926
1657
15
8993
7873
13303
13747
1707
12652
5376
14291
4774
604
3798
6160
14327
13139
7005
15493
13212
5230
7999
5401
7843
14548
8831
12694
7975
2503
3117
14117
716
5708
1218
6251
8202
11082
10886
6810
2912
15685
15711
8866
6771
7500
6823
7254
10707
10081
13570
1097
12802
6937
12626
15342
395
15273
3084
15316
260
5971
14287
4835
3228
15977
7913
16082
8860
6288
11037
8245
15239
2784
2643
4987
1423
14582
7940
7896
9207
4202
8374
8178
5599
2394
14463
14262
11661
4185
8162
6286
8667
13163
5424
8967
3972
6992
7406
15613
11347
4722
5181
8560
4827
6482
12224
8928
4833
4089
13189
12089
9792
45
3324
5888
14677
2824
12400
11966
9223
8113
12991
1759
3431
2354
4154
13328
5381
6161
2656
13079
5074
8959
10394
8753
9434
9405
13768
14778
6709
3797
15241
1563
12491
9486
8271
2509
14508
998
10434
3883
8454
4341
14423
10479
12067
890
571
12136
5171
2760
15648
13463
9550
12960
9167
15460
823
12874
954
15430
1103
14948
6057
6830
6031
15286
4635
9802
4173
2350
1894
3521
6528
6497
12222
11803
3719
13411
9916
10733
7158
3938
12265
3620
4897
3538
12236
16141
4541
12824
2445
10185
5377
9303
13755
7657
15436
2994
15980
1661
11917
6185
3646
13622
8110
9943
4
4217
6366
7921
2569
7320
11923
11208
10067
4717
6839
4467
459
13883
259
7531
4330
4916
14467
10517
8570
5950
5006
12135
15855
14772
15036
9800
12859
54
2131
13847
8602
11729
7286
9086
3073
10166
14109
10704
2867
4237
4158
7317
9450
10703
10003
13457
13746
10061
15794
6247
9400
1988
14153
3094
9747
2723
7778
10314
3777
191
5958
11463
2124
14278
2196
11519
9644
12242
2243
38
8742
10530
6604
13689
14685
7978
7612
5236
9042
233
6719
15931
6536
10202
3305
8385
9530
10794
11773
3419
2547
3049
1700
15038
1284
11372
6925
3525
1229
3397
3386
1791
3730
1929
2775
15175
4295
12117
2293
1919
14799
1862
329
6798
15783
3222
15919
2179
1024
9172
5912
12124
6081
1444
5262
12765
10763
9187
2978
9672
14179
10673
12898
3350
12669
5902
3086
6296
5865
12546
4386
3854
183
14608
9082
1621
15268
15756
11306
15191
9815
3693
1358
11161
13175
9715
11654
13972
3119
848
586
1002
11119
12299
9719
8099
2866
8317
9503
973
13254
2458
2606
9288
15887
4357
13205
12247
1211
11876
14047
7347
12521
8493
5881
15825
9845
4492
934
7270
6225
5498
5303
15850
10996
10251
12257
1158
11215
2049
5353
388
1892
2105
13221
10808
942
4104
8692
4962
8798
15358
3576
5495
2716
4798
5124
11045
15324
12190
14712
5604
4127
2331
1200
7268
8096
14345
4700
3784
3113
13308
12154
8687
733
917
7530
3999
3139
9107
1215
1525
2178
3842
6781
1373
1605
4316
13479
3056
4844
1498
6384
3359
12923
1138
13904
160
1176
5192
4068
1547
13008
5413
8628
12660
7492
1129
2422
9330
8638
5529
4853
14616
15043
5616
3564
14174
6754
6678
12722
6231
9803
2093
7113
7452
6644
9451
11331
4144
13507
7070
8718
3724
7337
9155
10186
2033
9296
15371
9741
12998
8587
14747
13145
1915
13962
8329
14978
9165
9189
4605
13036
13173
2983
13822
10324
4830
594
4135
14719
6690
15741
7417
6940
2604
12863
15449
6319
11012
13249
14243
9128
14018
5487
6140
11447
11538
13040
10506
5906
6502
13068
14098
11711
5801
12202
8609
12559
2085
12227
6210
11036
4521
8401
1313
11031
6505
5288
3208
2766
15874
15234
12508
13241
14715
3571
12237
8260
9416
10397
13799
10094
880
8328
15717
13650
12628
13210
1581
1570
8904
7141
4564
12539
2046
7523
2228
14077
73
29
7041
10425
4530
8035
9039
2849
5978
15317
8104
7021
6982
3884
13021
10169
15397
9677
122
9635
13367
2802
11024
7267
14625
9585
4416
14294
7422
13821
13849
15782
12826
11341
6206
3024
13493
9549
12883
5347
7780
15538
7867
9010
13356
5936
5804
3502
608
14728
14022
2791
3877
9467
7759
13102
7675
863
11690
13474
3733
1447
15796
5403
12839
2630
15683
15784
14317
1119
8896
7411
16095
15986
2150
11290
6665
14946
10876
10950
2926
12275
11492
9825
14667
11574
3939
417
5911
6949
12483
4161
1830
9452
2950
7976
11433
13376
8724
11952
10303
5378
11825
5104
648
1769
6815
4218
8882
4259
8128
5618
1540
4000
10490
11616
5628
2505
9556
3911
15964
12760
15841
4344
13977
12110
2734
7597
3508
9969
12080
8393
11643
12622
3594
13523
15625
12185
9498
14379
2109
8380
2773
13557
10146
5697
15056
10571
15515
13267
12
9198
10462
2644
2332
16021
8004
11382
2251
12570
4387
8376
13285
2827
9473
4275
8997
15375
12579
13138
7262
3892
11855
13800
7373
6235
10843
6958
6029
7266
14293
5908
12062
15376
11679
7784
8163
6514
10532
2763
302
6729
8464
3783
3585
2665
6585
15046
7385
2391
5188
3676
10691
13921
1968
7501
13808
11191
5308
14045
206
1083
6947
3925
327
2080
9088
4496
7993
3894
10393
12076
2294
5969
7215
15571
1945
12109
6092
10104
1738
10732
4764
11192
1718
2141
4642
7842
12716
7853
2576
10924
4432
15351
15521
9171
2919
13502
13387
15535
8903
14594
1380
9650
1137
920
3299
2078
211
14167
2893
2853
15011
2381
5648
11852
13340
786
5431
10355
15223
956
2640
5790
12979
11333
9899
4301
4070
6468
12276
10811
5062
14663
10075
1464
13104
8155
9648
898
3078
13909
10116
15869
10926
14114
9098
8892
13219
7181
5201
3498
15476
1706
1809
6479
14818
9911
2836
6552
13615
8595
16094
4448
577
10377
10640
10236
11666
1765
2621
10220
8152
6125
8330
10443
14672
10066
776
10767
6266
9867
9277
8719
15318
10541
12529
15909
947
7563
6022
6200
11884
10494
7242
5443
2288
5756
9056
14231
8822
13823
11196
2707
198
964
8520
161
3471
9052
15499
11340
3109
10880
3529
1723
235
5843
12601
1289
7645
15372
9699
10648
12146
10557
11065
3181
13220
12147
5800
10149
1664
4775
10468
15959
1049
6788
12318
2659
2483
6804
7586
2905
9713
11611
4886
13401
8331
12134
12945
508
12962
15013
5602
5622
13201
371
14073
12823
726
6799
13032
6101
15408
10637
7228
12398
12743
15896
12504
5870
1170
10416
9081
6723
15082
0
4571
7463
13028
7018
11524
6545
14470
15004
1805
2785
6777
14492
14589
10701
4016
7109
13711
6640
2017
1334
11866
13490
3052
11260
11849
13608
14815
9105
10300
10944
3443
6051
3164
1593
15853
2799
10410
14268
5688
7980
7579
91
5322
619
3522
15069
12305
1975
1956
546
62
6612
15055
12637
13269
5330
13489
4398
1398
7787
10317
13573
10335
14424
15585
9225
3348
994
11359
13109
15178
14953
12908
15424
4115
4566
15200
336
11271
12606
13058
8371
135
15014
14150
14033
7642
8488
3612
9925
12243
10668
11013
5513
10266
297
6245
8537
11790
12799
7038
15468
6104
7666
8334
929
11634
2845
11477
8982
16038
4133
277
10399
1458
5126
10856
3376
15138
8589
12198
5643
7839
5987
412
15346
6232
12957
9678
14870
12584
2518
3045
4179
6961
8109
2253
5710
11494
12963
7443
454
6787
4181
8474
1858
4457
6488
10658
13153
838
11088
16062
7632
13760
12829
11116
6080
11985
11914
5151
15363
11357
7912
4758
9079
7244
5567
6390
12670
1460
11353
6661
13383
10787
5940
323
14218
16073
13449
9816
8879
11110
4896
5655
9703
5483
14303
4699
10418
10676
840
13917
9796
10683
13151
12209
11521
118
860
11230
12607
6413
8950
8995
7076
5996
6831
11270
12635
12105
12374
3608
8154
4698
13900
1192
8277
712
8189
9597
14321
6615
14333
6888
11026
16115
4899
13083
15946
6596
3575
6936
2891
13263
4283
13307
1301
1247
13949
9408
8840
1216
4151
12454
16037
6158
3970
3534
2226
4867
6927
9067
11105
1831
11823
12788
9112
9572
2176
4048
6762
7618
3931
2878
11386
14682
10985
10852
4883
6327
9908
6697
11390
15194
11814
13681
14958
13014
6130
3874
7298
14216
8288
2298
8258
2600
5058
13133
6422
13213
8240
6956
5954
7365
12592
7087
4964
10512
9110
4118
15689
8490
13486
1098
11585
401
4729
14805
9835
15431
13956
10102
1389
6309
3204
15993
6335
8856
1697
5067
4439
544
464
7949
184
15006
11771
13991
2993
195
10671
7371
11111
14754
8045
14547
11906
9624
11596
8787
5213
11641
7802
4967
9950
16000
15541
6410
3691
10041
4440
10307
13013
8501
868
12480
14877
13416
14766
2523
4103
12317
13672
9664
4809
4707
1564
11187
7095
10415
1368
12891
8734
10645
10896
9766
4142
3592
11467
14249
10417
5893
7509
667
12340
5131
14495
10426
3901
4390
2188
1467
5256
11135
9915
4469
13813
365
13653
3135
15965
3394
15024
824
9403
4223
5764
2218
12541
4561
12298
13782
12151
10651
7704
258
8504
4732
15808
4898
14920
14113
1183
63
15718
8612
3717
2472
10895
3699
2329
14908
2277
1227
11515
3726
7701
16050
8757
2900
704
9879
13620
6146
4860
14879
13845
9363
6135
6659
411
5485
3513
8182
8247
9017
2244
4221
1400
16132
1587
14017
6675
9068
14577
4908
15589
7587
8263
12576
8788
2536
5030
3375
13827
7756
3817
8518
7260
4336
3669
5395
15107
4683
780
8293
8905
9013
15762
738
2133
5620
2421
13198
797
2493
13041
5901
15529
2090
6298
12149
119
8766
858
6843
3160
3675
3333
10285
12731
153
9524
9266
13789
13694
3890
8481
12693
15888
12683
14339
1877
2724
6145
3822
10286
4208
2407
8794
5299
7004
9859
11629
2649
6597
6707
15032
4763
9209
11023
12500
6642
7985
10760
11613
5211
6297
11297
15788
11166
14991
8159
3808
7550
9623
10892
12688
1231
1009
7212
5997
5525
104
14473
11171
6168
8968
14194
7153
8617
10798
9025
6869
15345
13450
4604
1256
10231
2543
7398
684
12558
6142
9125
6498
13429
14306
40
13641
13184
8321
9018
3274
7324
4191
8659
14328
3572
11097
14123
8492
11797
447
14833
7390
12200
3203
13129
3494
5152
553
12658
10110
5875
10633
7541
12093
7495
14193
3379
15733
5752
1020
11563
10344
2444
6378
10684
14910
65
2411
5344
12996
3367
332
15023
11701
14707
10362
6339
12082
12566
9106
13266
407
13970
6924
4739
8851
8014
6345
2209
1573
4996
14215
5328
1157
10180
617
8761
7204
468
5970
9628
7686
7908
351
2245
5834
7080
10049
16036
10657
3120
5044
14383
4901
8443
1628
1663
1817
1800
115
9681
13055
3465
12211
283
4001
2742
6436
14458
9783
13004
9313
6865
13655
12644
5986
3250
204
1352
15866
15792
3516
6053
7911
16122
6765
14965
1469
5013
15564
7676
7765
6108
15169
5319
5665
6065
13229
6483
6159
10257
5333
8179
14718
2266
15732
5999
5788
15624
14662
15403
10977
10967
2263
13178
11842
5743
4957
6734
750
2712
8225
8206
14741
14450
7174
7742
15667
15556
2880
5503
2667
5189
13819
12035
3532
12412
7917
11626
13660
9826
5698
10284
15905
1475
3586
1944
12153
11195
11955
5596
15560
5568
3820
7997
3357
9439
2145
10670
2038
10460
5886
15287
12245
15960
6259
9910
10325
240
11289
12588
7522
11264
7078
8941
11534
4360
8775
12921
86
5609
4029
6752
2454
4338
10152
12406
13721
14407
14192
16064
4296
4562
5165
14175
7960
4975
2746
8149
4984
12878
13315
915
6853
8925
852
2854
3739
5551
4768
8061
11889
9654
15942
12090
13130
4531
190
12814
5928
1036
10910
11969
6435
13137
4458
12084
10785
12728
4423
9368
245
5345
12442
8517
657
5897
4071
7736
715
2404
3016
14295
5366
232
11427
10617
172
9494
7194
7946
7737
11104
4209
3737
78
12887
792
3482
12472
4216
7623
14482
6559
8003
10810
7106
13914
6118
1960
15462
347
6451
9083
8398
5417
14390
403
10975
1081
14455
10348
14938
5985
14409
12916
639
8105
14223
3557
4348
14485
3526
10604
9196
13482
8187
9880
1838
13304
13335
4051
5185
8034
11430
12719
8406
3909
5948
2673
16059
15507
2450
14990
3156
12621
13096
9634
15101
525
12057
12399
970
8281
11979
8241
8410
8230
15840
5362
1246
3223
5206
14883
3288
8419
9033
14713
3351
4653
4645
4136
15114
6566
2032
8637
9238
76
12001
7712
14734
11694
15186
10136
9727
14484
4651
9323
13453
6564
5740
14386
2976
11501
7679
941
4080
2168
14288
70
12435
6607
12497
8991
3932
8830
12877
13872
8585
10806
3688
7116
7405
14007
7120
4141
570
4537
6095
13894
6549
24
9864
6613
5449
11456
10990
309
2947
2169
14806
4583
5005
15257
390
1234
5967
8457
5452
8532
2269
7284
4395
15091
11801
7915
5148
7619
1092
717
6686
10943
1633
4199
16065
7852
15650
10956
1000
3010
10456
4014
13853
5208
2555
10965
813
9513
9019
1003
2811
3004
7404
8643
9989
5565
7442
9465
2067
14665
14572
6318
10988
11766
2467
13742
903
8940
9898
12999
11725
9036
10994
2367
4315
10463
14872
1161
4640
13224
13526
493
59
4422
12509
3713
10578
5269
12599
7281
3650
7875
4733
8275
6023
4616
13925
3377
5065
5196
9834
12618
9519
3711
13938
3477
4792
8834
11081
8102
9508
14601
4182
1981
2731
451
5989
16121
2692
281
6941
15047
13535
16113
4355
14494
7894
14502
11008
4312
3282
2368
10540
14943
5872
15406
6716
5265
1991
923
3641
10320
7768
10173
15660
13931
456
2745
5758
12611
12130
10905
6960
6222
9429
5099
1360
972
8447
11932
15751
4175
10315
821
12890
9706
5687
10423
2438
2526
498
8966
3331
8668
6278
15730
9804
144
4718
1462
13471
5091
15957
10478
3157
14398
1639
9161
3634
8392
13923
9419
6650
15113
13472
4680
12698
14829
10451
13976
2713
4596
12159
5776
9810
414
11345
13123
9590
10212
14065
11646
9770
14516
4900
7364
11402
11744
14002
4397
8751
13571
15173
15906
5316
16107
2935
3206
14628
15115
14264
1174
1884
1725
8229
8327
9459
14156
7572
4682
1507
7481
11937
11293
10145
7886
10404
13302
6227
13633
6630
8217
4870
213
1077
12701
142
14359
6558
1315
15688
10312
13929
2446
14993
14698
14413
2681
4593
8315
4515
5625
8502
2353
4434
13011
4100
9694
11795
5335
8475
2203
4207
15703
14730
13234
14952
14644
16139
10603
7625
10045
14208
3656
12642
15583
12940
2888
11261
5454
4227
15563
14680
7931
8819
14517
13390
1378
13983
10020
13191
11355
10519
10356
6822
5631
1896
14097
3289
636
14152
12909
15590
4672
14030
15139
10860
6076
12560
10802
9909
2679
15089
15912
14810
1123
3720
13031
1677
2768
12372
7909
11696
14087
12525
4490
13683
2143
13586
1987
15042
11243
13316
9270
8942
5026
15381
12336
9202
5682
12768
28
13518
8197
8828
2065
4869
12699
10182
4937
5045
14164
6103
12111
7994
5789
6421
16131
782
3194
10405
6568
12333
441
12184
15367
15838
6751
10408
20
6152
497
1818
9615
5803
634
9406
8579
1865
15542
8841
12709
2231
5022
8921
5205
12063
5704
2466
7140
9195
13372
9947
12932
5601
16068
3237
9823
3001
6513
10370
14039
6969
14324
12037
1820
10340
2163
14501
4356
9009
11986
6262
4505
10662
9049
806
15170
7487
15475
9456
2134
1898
1302
12727
598
8416
8870
10148
12488
7944
526
4483
12720
1688
6695
11774
4220
2443
14604
5557
7375
10979
14224
14121
15806
625
9359
4742
12349
2862
8346
7225
13277
15944
893
11708
1042
5614
10987
13475
14049
8477
8248
9356
14184
8838
2185
665
13918
11138
5311
5226
10142
81
9129
11057
9767
3933
2448
2726
10458
15066
5546
4272
5814
12088
10527
11041
5051
5260
4644
11960
9529
2686
1001
14565
10412
1007
14176
2301
3404
15608
7218
12913
9232
659
58
11249
13282
13248
4708
15377
4139
10779
12608
6500
7882
13691
4603
6725
11236
7938
3801
14578
13777
8312
7460
2083
884
4810
1773
7007
5242
10339
7969
7723
5061
6628
3607
5385
11457
3286
15778
3013
1132
13979
2113
4097
306
12819
6733
8702
12186
9752
14163
5329
8548
8077
10797
11258
6176
1340
14078
9952
13943
1978
14850
11159
12261
7036
12771
10069
7627
4849
2426
12835
10381
8038
14999
13964
7991
12964
5715
8740
14549
12703
7043
1744
6346
11755
11824
12968
2051
9595
3533
13953
14900
11638
906
8908
143
5426
2424
99
18
10721
2292
14881
8067
16051
14292
7703
15681
12917
3660
12482
10064
1965
15298
10098
15897
1186
10406
9665
10059
1410
510
13595
9659
5227
6333
9423
13461
4720
12948
7846
1612
6100
3295
1519
11726
15232
90
2323
380
9481
2573
12954
15911
5174
11756
11549
13046
15266
1732
15382
1713
15771
12419
15800
4485
4083
14506
2829
6170
1644
615
889
3115
8170
14010
10795
14486
5598
14831
8923
7735
10999
10740
6237
9918
253
4303
15770
2778
12081
10304
3259
2615
7791
1755
8884
11537
10538
15473
15157
14169
2107
9279
7858
1385
5504
9015
10293
10352
8748
6708
7074
230
9492
11476
5900
5491
4543
3708
7458
12405
11749
1824
13112
15953
1790
5029
15467
12320
13202
4943
8745
3421
13056
8672
7751
7248
2270
4570
15479
15669
2960
1388
2718
1255
2696
4507
7351
15122
13428
11358
12502
15300
13601
9905
3760
12990
7182
2232
11974
6785
14860
4517
8156
10714
14968
1258
1488
15410
207
9244
11810
5390
1742
10639
14886
4889
15729
1904
7719
14752
8690
627
15636
7424
363
658
5217
15179
8947
3762
15966
3044
15395
3096
8267
1780
1836
6060
15937
7131
11675
7062
6414
5142
14227
1147
3836
9537
12567
3898
12428
5373
2954
7170
11995
15743
9220
13017
9510
16092
12806
9771
3353
13311
246
8588
1890
6107
3778
4040
1337
8237
5200
11606
6341
14992
6792
7861
15442
3245
12421
1347
11118
955
4429
7430
9118
6827
3947
10533
5272
10250
6818
13360
8937
11730
15301
13284
4927
15435
470
12415
10205
14559
6474
11834
8949
6917
6944
4025
4096
9691
720
3725
5573
13798
11134
3831
9946
7823
15133
6394
12128
4915
5883
10218
13244
1768
11038
11348
1320
15692
13748
3051
14496
14363
2120
14858
12763
9991
6476
3059
182
5594
6855
13470
12787
6674
9489
15635
4668
4840
10634
10586
13895
2856
13998
2980
1784
7211
6244
16086
13659
2267
15256
15190
4010
5921
14318
11775
11891
14884
1397
641
11094
15723
15871
4600
6902
14149
11658
11225
7535
9111
7613
7836
5496
1811
11591
2024
6193
4407
6922
4650
4802
15411
11631
11174
11506
6834
11886
15512
5811
15347
6943
8364
14483
2642
14351
8729
16042
5723
13265
53
11076
12856
13614
853
4985
7454
6450
2475
5683
127
452
9267
3653
4162
11700
7859
4266
13071
1895
15075
13245
8877
13828
5630
6456
9939
11767
11393
4796
16007
13363
13410
13560
9174
10157
10584
7718
11451
14472
15407
5717
10175
12206
2879
8864
14612
11615
3547
2915
13271
6688
6503
3292
6141
3414
11853
14023
4253
12884
6069
222
7222
9631
3478
12734
3696
13097
8739
8299
4088
7872
13565
2624
2327
4980
13924
8465
13190
1910
13554
15592
4480
4447
15339
1685
11652
3903
2749
10008
1363
5037
9940
14673
8191
12394
6470
7392
3540
9735
2219
15210
2265
3715
5317
12465
7039
11154
11829
15644
4370
7233
15758
2225
1288
12885
200
13941
14122
10199
1940
11397
5647
3458
6637
3981
6570
12474
9149
7476
15018
6242
2660
14365
6487
6850
5772
6542
7067
3530
12011
12294
8307
2254
4441
1716
12438
13384
11131
6666
7796
4622
3446
12286
12587
14971
6928
9348
14445
2417
2984
14272
4986
14088
839
11699
3914
1958
9697
11762
8837
9846
1592
968
13010
8839
5494
12922
15092
10579
12359
10216
6835
6434
10108
15224
5619
3787
4189
7516
7057
8283
12532
11114
1537
8774
11811
15392
6935
5237
10433
7761
5553
4884
15500
3885
6234
12942
4057
8900
1624
12407
3732
15270
2859
2302
8482
14083
7933
6064
2103
2148
7948
7069
2478
11326
9004
11968
9895
1696
8677
8092
4528
15832
12426
8890
11212
14695
11798
11417
8101
12947
10595
10681
690
12262
5326
11216
11302
14004
3029
8150
1164
9150
13922
12116
10308
6744
3278
110
2413
15246
11056
7653
11733
3792
6389
12636
9414
13439
12505
4060
287
9200
5992
13318
13023
2664
15380
4725
12210
3776
12671
12143
4284
6154
6492
3657
14683
6004
5661
5057
6191
11754
5759
12087
12735
6460
13281
11438
4288
6136
15726
4046
15646
5011
6213
2173
13723
6111
11510
14500
6972
11671
12032
1245
3734
8166
9902
11016
9746
5357
16125
11478
1314
10619
11020
5309
4263
14681
3256
11691
11732
1324
9753
8634
8911
22
10217
7876
15362
2491
7574
13084
11458
6912
5470
7128
14875
4513
528
7831
15471
2009
10980
15915
5009
15721
11077
5402
9891
2151
8342
13640
2183
7958
11168
12220
3589
2801
14591
1531
6438
9397
15140
2963
9234
6000
14459
14951
10311
2502
10631
1134
13217
9675
9420
10273
4289
11954
2694
1285
4820
10622
4373
10607
4406
7820
12172
7598
9460
9679
12903
5427
9959
12171
9793
13596
6654
13491
6903
5554
15594
10389
14800
377
12571
10978
12414
14603
7746
3337
2087
7020
8916
10171
2577
14863
14093
14058
14543
9357
4793
16079
3520
7524
13677
4090
10283
4280
4494
5484
13951
3689
9425
5863
7125
762
8817
15227
12612
3624
11316
5472
10383
624
4102
7646
8639
14286
7238
10614
3140
7110
9256
14134
10498
13385
8526
12938
9038
5977
15768
2535
6537
10076
7900
13999
3763
1786
13686
14155
4815
14525
9208
13358
6550
11715
6240
9239
1303
15491
361
718
7937
3168
11228
3501
8773
2787
11959
3980
1866
3243
10929
12988
15049
7258
8910
8184
8414
8958
4921
878
7877
9903
11406
14529
12757
5626
6163
15203
10223
9997
11001
542
7457
14892
7893
7305
1283
506
3075
11115
6050
14764
13093
6856
12433
9591
15087
723
13003
2669
9577
6106
14650
13887
11541
2744
13233
12995
4361
429
6663
3816
7160
15459
1870
8074
5777
10962
12862
12112
9333
310
15389
7459
1729
11084
8640
13076
264
5098
7307
979
6997
6841
1125
9316
10493
3536
719
9373
5463
11435
5606
10354
5855
12046
6730
11078
5087
7673
11090
6121
11452
8906
10080
4134
5290
10114
975
8234
12573
2086
11381
12356
677
7086
15623
370
4727
5689
7764
3000
3033
11385
11522
14756
2639
11809
11466
1254
4399
15185
11281
10754
1970
1079
8569
9953
593
7401
1793
13811
7191
5840
2044
11703
1180
9285
3092
13519
12246
6114
6868
3879
14602
9458
14570
1735
15596
15889
10820
12047
4308
1214
6458
8990
8554
2098
15150
2964
6128
7149
5228
7826
2682
2636
434
928
3195
14118
11491
6753
15421
4601
3008
1649
4602
6195
12871
7662
6484
10378
14983
7959
2841
14790
15112
11705
5638
11318
282
696
30
4236
12006
11377
3066
1459
3886
450
11392
14924
1979
3896
3280
1175
5866
10477
15536
11461
13793
15327
15672
15414
15201
1554
12754
11637
12041
9502
6300
1349
13121
14006
7327
5360
15753
4944
8699
252
5784
7447
3604
8087
12235
4132
1906
7053
6786
740
15489
12983
15972
11792
9698
13948
2315
9115
10454
7159
6783
15867
12876
854
2990
9829
14825
4848
8495
11498
8499
14270
13065
16085
2729
364
7708
7221
3633
1386
1690
7763
8244
6144
4673
7453
5533
15136
13270
3922
5828
14765
12250
1274
8571
10894
7357
15401
5610
350
10287
11445
16049
13230
7464
288
9522
4836
8731
209
10373
7180
10937
2520
8707
9756
1078
2037
6624
11600
9787
2486
758
5725
10930
997
92
15174
10372
9022
6951
5716
4007
11284
247
7682
850
7432
3959
12367
6443
7520
7680
2480
10546
9117
3060
15364
846
13179
13332
12410
9964
9852
5721
171
9600
9245
6005
12432
5492
13009
6177
15007
11707
12005
1753
5464
13444
10495
13209
12782
14266
12808
12836
276
344
10101
4612
13869
5995
2608
3468
7681
14401
7950
1850
6701
1908
2484
56
4002
2144
9872
1948
5544
14358
11446
165
7323
3978
4878
6294
12161
11108
15164
10430
4945
5285
3869
11836
7926
2058
7486
5471
8850
9563
13762
11870
6317
15311
811
5641
4334
13432
7230
4748
13115
8800
14692
1737
2459
8865
5952
15736
1051
2798
3185
11539
11314
7603
10409
1491
6938
74
1634
14688
8946
9045
10333
3144
10759
9156
218
5313
7046
14449
1586
16103
2167
6372
7850
7744
9311
12958
9410
6572
4003
15566
11058
2923
7696
7052
3821
7353
2890
799
3189
2000
8605
3767
13787
548
13860
16091
9428
3916
13707
3153
12845
13274
11219
9780
15215
7578
5162
9571
8431
618
15622
12380
8568
9921
12647
430
13670
1116
12761
15420
669
6812
9069
11901
8355
9978
10839
13744
8287
13954
8458
14456
15305
554
5388
3579
14807
12170
8186
4084
13824
7777
13530
12007
1111
5420
2376
10927
12817
3863
7879
13588
10500
5351
2883
14566
4293
7485
10654
7588
9553
2204
9203
10717
1381
13861
14676
5720
3545
13868
1095
6965
2988
3789
12755
788
15639
155
8367
12249
14177
9887
13779
6684
5356
15949
1610
3613
9391
9310
215
2575
2255
15858
2456
3079
5457
6862
15835
552
10361
4193
4865
12511
4888
8381
10358
4912
3987
9275
9647
338
7056
9334
15638
15261
13708
4988
5092
2770
8998
11222
3403
6340
3588
9680
3639
15528
3794
1957
12598
7805
4309
3087
11831
4527
12654
10023
8294
8862
2121
7694
4847
12436
87
6929
5806
3039
15321
5854
15285
981
6594
10150
12344
5358
8981
3279
11197
382
13256
13685
12108
71
14674
16126
5348
3462
14940
14532
3983
7593
9893
10932
15826
8938
1269
14258
6638
11558
12805
1973
2793
8799
2631
13531
2924
9077
12653
13513
4719
11040
626
13621
3322
6693
9212
14598
13864
15643
14094
428
2676
14822
16052
14632
1942
2053
15955
14675
15852
1641
437
7644
486
11533
6066
3495
6984
4910
6074
13346
10949
13074
4696
5314
2129
15573
5793
7065
15222
2050
14576
11389
3025
4287
4311
7275
14994
1328
10774
15821
8515
4498
9094
6272
11210
6123
4443
3770
1754
15355
13710
12051
15119
1208
9892
5387
5586
4786
3402
13733
12429
14646
3803
8340
1219
6408
12328
10163
534
6089
7439
9001
1993
2977
7821
12469
6547
12659
320
5384
4880
9885
8175
5951
9441
7356
9328
9021
10882
13893
5782
9214
879
2739
11391
10151
13569
8389
14342
6836
14396
3671
3963
4816
14280
711
2840
4268
387
15519
15881
1597
15525
14851
5002
5590
9297
3287
8409
11547
940
1054
9080
8891
9912
10439
4041
5983
10520
5502
5976
9772
768
15864
10334
13944
11748
514
8089
11840
13114
15810
15503
5389
13480
13724
11099
13996
1500
8012
2213
13698
4004
4446
9607
9948
12145
5436
12712
14827
16015
9325
9318
9300
8466
10853
12533
9999
1578
11920
2237
2514
13697
15153
3709
6978
5422
7633
810
11554
11300
1747
6324
9385
4817
4643
2750
11731
270
460
14782
1050
8333
9704
2563
1555
1901
15205
4065
7529
12355
14279
4997
8052
10321
10705
15386
11371
4995
7482
10847
5186
12371
2306
5312
5155
12976
2596
5204
15463
9427
13182
2029
6326
2632
6020
1827
3857
9606
12972
14369
4450
6184
5066
15603
9066
6921
2311
1403
13645
6013
6472
4843
12144
15094
12013
39
15722
13310
13177
8963
9853
10390
8135
5903
5324
11147
5825
6791
6974
1293
16039
405
14124
6275
11518
11939
9788
15124
7283
15873
11573
8023
11899
4584
1964
3213
8171
15264
10239
9548
13326
1608
5281
14699
5225
7438
12430
926
9842
8645
5035
9976
15945
8733
7025
7568
12370
1332
7199
8584
15123
15516
7710
9642
9562
15280
5668
6970
2921
14296
6849
8377
10326
6257
5514
94
10666
4396
5818
5039
330
15828
9849
12557
721
7973
4363
10855
8370
8513
10598
15502
3670
11826
16066
8604
872
15984
3805
14554
14949
15080
1252
13566
6425
9227
7446
1228
11785
12470
845
136
14795
2325
402
3231
7280
15353
8357
13974
12786
14755
6377
4484
6330
4750
13294
11384
10908
5028
13959
7934
6254
1096
5343
9754
10941
9181
7986
6873
6563
12548
9055
8872
2819
15295
4063
8470
13669
7294
15196
8835
2482
15913
15775
1481
3539
9944
1913
10814
4993
4618
10596
4925
43
13374
9407
14062
8148
1524
8216
15062
7992
828
6381
15016
7361
8706
3439
11977
15727
8915
11971
1534
11594
11308
4011
10518
14575
11909
13833
7426
9433
2650
1599
9175
3754
12822
9372
14514
11204
12730
15325
8506
8361
7887
4745
5295
9032
3428
14240
8785
3975
8055
7834
14857
7445
3969
6367
1361
6465
10233
12794
10248
9421
3514
15677
2187
7914
9278
842
2420
423
4205
14353
13203
4178
11988
9160
15593
15337
13713
7259
7164
10535
4095
15020
12816
8021
12343
15632
1169
14112
15880
14592
10900
7580
7654
3005
2468
2094
3644
1439
3064
2075
2496
2018
15982
6635
12443
14966
4994
10264
9975
8656
15304
