14599
4019
8786
4660
3570
4990
8654
5078
751
3098
3031
6279
10563
8070
15819
11267
31
2352
4281
13786
14701
12303
12284
440
13619
13814
4934
1990
9646
6012
9565
6750
10222
3738
8205
11620
681
10499
16111
8853
3543
14498
14085
2725
9092
1763
6395
2119
7126
11589
653
14197
15816
13957
14245
427
10117
422
15058
1808
5325
3870
3365
11800
14867
14074
11153
2166
9896
2073
15899
11520
1873
1026
6643
2986
5691
628
2250
7866
8209
13947
177
13767
5271
8115
735
231
10521
10899
11139
14846
15053
15517
4663
15130
6987
11924
2530
7665
6920
6214
1845
8298
11669
9968
3868
8188
14011
2406
12445
15159
4282
2419
14720
1575
10946
12866
10547
13538
15005
4813
11413
12301
2653
11101
10652
2533
6742
11410
13214
7040
9613
5293
1450
14507
13559
7196
8999
8535
1105
4834
9612
2034
2996
11566
5158
4790
2887
6598
1804
16090
6525
10667
7455
14072
5959
631
1829
11551
11240
5841
15192
8108
14330
4247
9942
8531
1601
15496
12025
3638
6290
1019
6190
14729
12713
13769
3430
399
1720
9154
5944
9134
6305
12056
11550
11144
6356
8379
14454
15099
11481
9147
10135
12880
2025
11717
2374
10912
5102
1936
1203
15707
5849
13456
7707
8468
11253
7895
11751
11695
14731
10687
8158
13206
12162
14551
16010
11043
14319
5640
10132
9627
683
4201
8876
3184
7362
801
328
293
9364
11242
11157
932
19
9708
1834
5371
13117
5981
10031
7620
5670
1201
339
12079
7827
13968
7308
12594
6805
2217
1005
7920
757
13510
9178
1796
13880
14106
8512
12384
1253
7183
985
12556
670
15715
13718
12326
3374
12029
1825
32
12686
12055
15975
5466
15513
2898
9832
9819
10351
9951
4501
1647
15773
13171
7187
6442
809
10744
11975
11517
14710
13907
12205
12870
10470
14008
10369
15925
8611
9883
8086
9890
6478
13026
5771
11841
1794
14326
12368
6044
9538
14798
13662
8880
13539
6646
14960
9814
10574
2548
13414
6302
10832
6486
42
8679
7147
2257
11925
4192
927
12929
290
13978
13648
14397
6892
3523
5383
15693
8011
11006
12337
10752
8759
3080
12096
9474
3382
1698
6933
14244
13778
15831
257
448
11714
4969
11904
10831
11735
9257
1523
1387
10828
7693
7178
2767
2930
1043
8368
15281
12850
7408
10615
3296
5246
4538
16071
12363
15701
5337
10969
14781
14440
5331
8765
2810
4428
2363
12764
3825
1856
727
13644
9559
8971
4676
14382
14273
4863
15885
14691
12936
4692
1273
10030
1676
3364
6268
6527
4773
2847
3211
575
6457
14341
931
9103
2882
8064
1797
12873
2951
6923
753
7448
11799
9573
7807
6253
13382
3217
11512
7668
14959
11990
12393
1126
5926
8434
3371
5249
13066
10165
313
4625
14567
13422
3095
2355
6592
2097
770
11947
9322
9857
4761
14481
8282
2041
4504
1746
13674
145
2894
4503
13462
16142
1792
11349
15126
14742
7798
3085
8972
12641
9906
221
8157
8060
169
9113
13186
11525
5617
3679
8324
11507
7425
7560
164
2477
12420
2127
14899
455
16140
5410
1345
9060
7962
12748
818
8219
442
3910
2641
790
590
1067
5147
1443
4073
14104
16031
7711
12358
3330
589
8558
12649
1683
15146
3961
5083
10201
2597
8262
2507
12115
9689
2612
11808
1272
14531
4829
112
7954
1905
13657
5359
8239
5783
5287
4026
4150
5760
12952
2464
2565
3636
2956
7990
10167
1731
13714
14433
502
12676
220
699
5414
5170
10649
15253
1711
4050
6618
5453
8806
11029
3054
8336
4105
1086
8233
10309
9338
14600
2056
12049
12895
174
15370
2916
6534
656
12736
4119
7341
10046
8530
13806
4424
10606
10291
1392
9011
10455
12197
13481
2699
3997
8648
4337
1011
12181
15601
1055
10728
6124
2598
2846
644
12585
14610
12501
8198
5292
9402
1483
26
1859
9602
3913
7956
655
223
3226
7466
6336
7014
2175
4378
1687
10824
8134
6416
6989
2401
8395
871
1350
10194
15822
7932
5382
2589
5003
14654
802
7468
11276
13094
12024
12668
1013
5577
10088
5852
14381
14133
7661
13073
9271
4213
4549
12860
10009
14406
10916
8658
8007
2396
1938
8534
13679
7554
4394
2004
6183
1282
4939
2697
1920
3284
9632
6906
5835
13911
1548
7507
3714
15875
5296
6380
14376
1727
11440
263
4547
1448
14708
14837
1297
8781
7077
3325
9299
5540
15649
14996
13980
7017
1909
10388
1489
9949
1239
485
5241
8168
13514
10782
5123
11878
3455
13306
1499
2308
12251
9426
12451
5761
3500
6008
5014
4269
9028
15509
7615
7440
4710
904
15219
3764
14469
1841
3927
14127
959
11122
11431
13521
3492
360
2235
10221
2358
2256
239
10871
16025
11916
7472
11543
7527
178
13584
1346
4299
11150
4685
4638
2952
13563
4518
15484
4933
14091
12503
10112
15098
609
14042
14147
15772
4756
703
10005
4726
6915
12383
5150
12565
11665
15182
8625
6109
3193
4369
15117
35
4656
14704
16075
10294
5421
9692
12602
9114
12789
12959
532
13389
8562
488
6866
3655
10275
13290
787
5707
8808
8811
3319
10022
2077
14242
6737
1485
15981
7847
9726
13140
13415
3370
2874
13251
10301
10602
11288
11674
16029
7512
9743
4502
6355
5869
5583
15804
50
1144
5342
3463
10057
4551
10189
4831
9657
5660
15482
9145
4431
10449
6175
10310
14774
4477
7918
3283
1923
5445
11881
7643
7899
11757
1656
4037
7628
741
2335
4842
7249
15360
1843
7692
13558
14545
3751
7272
698
10154
15978
15700
6011
6511
10788
2719
11034
8207
6007
5399
10738
6507
4838
13207
12174
14919
14933
1482
11366
15744
7108
10514
12758
274
15933
4688
11450
16078
2561
1321
13572
15498
9817
16069
1173
6971
5810
14743
10689
7329
747
13549
10183
483
6360
7782
2392
5669
9974
2814
10368
6601
12381
6648
12656
11698
4548
2136
6931
3606
5409
15152
5876
6764
6901
9166
15338
14634
8919
2701
8016
14310
10055
13719
5375
1159
4978
3317
3207
7863
9263
4607
93
5275
14527
15934
7725
14897
2384
14503
13080
14084
14885
1032
10623
1588
10188
5093
12534
8031
7483
2042
15065
521
11668
14035
15057
5408
16083
6490
15599
189
10452
6321
7837
4694
12851
13185
7783
12830
10792
13576
5079
6543
11847
7366
4375
6832
4617
13638
15334
9445
11142
7200
8732
10653
16016
4633
7382
11580
12292
14629
7812
16101
6138
5046
10768
6605
13336
16013
7659
3681
12591
1643
537
772
57
11844
11266
7214
5145
307
12753
8874
7397
5458
14349
5842
9526
10270
7370
13148
7806
2504
966
15610
6926
8046
3159
10953
10650
5521
3506
3966
14723
9855
6122
6391
10510
6721
139
5917
11160
12290
9326
15798
3089
14558
9026
9437
1617
4534
12593
1238
12844
3661
13939
12840
4965
10685
8994
12744
15714
12388
4290
11129
5274
11845
280
10491
3082
5726
8859
10613
10366
13646
8359
3597
10577
761
14043
6323
11709
1616
15791
8208
11776
612
469
7378
4020
10731
6664
7377
13993
5332
10695
12933
14985
5437
7652
1251
1257
9809
492
7738
372
6409
9308
8222
11796
13447
10111
13338
12123
11313
4225
8423
4767
5341
3632
15027
10099
10000
1693
15243
7048
7032
14300
2380
1950
4687
12745
12173
3626
6909
9168
12386
3318
15209
7484
1840
13985
14394
16054
2668
1021
1473
1061
10226
11618
4659
9786
15151
14362
6301
10928
6546
1391
5339
11327
10322
8036
12547
5702
10485
2991
13459
1046
3510
7381
15604
6905
995
11426
10780
7614
103
14219
9576
10659
15576
7513
7822
10502
14569
6904
9768
14185
2521
8054
6150
14546
14052
14942
3889
13352
11619
12277
7672
7117
14956
3461
7565
8725
11221
8151
9061
14947
1969
14230
13876
10939
8304
13069
12157
5578
9301
2549
14277
8666
15118
14260
13551
11093
3992
10481
11760
16045
869
6569
8388
12490
4140
7496
16058
8467
14350
3621
10799
16130
2224
1665
1411
14138
2347
9955
3018
1702
916
9381
14404
6263
3582
2595
8422
9777
3973
13753
2761
4554
585
13728
1897
1379
8400
16123
13478
1294
2499
12461
1721
15010
16002
7342
912
15662
156
5315
5653
5140
9739
9447
8063
11046
2873
12507
14652
3198
9235
11794
13696
13405
15522
9693
6967
1922
15551
2387
9070
4952
5914
6846
5938
6773
9016
8264
10991
794
12342
7868
13370
15985
1839
4131
13024
5794
6910
8736
8194
2299
13818
3775
8985
5899
7739
4587
4563
10329
4047
7011
8176
14032
9673
7435
7521
14664
6365
5106
1603
5361
16117
13053
11143
10288
4261
4620
2153
1480
7963
6373
15443
2289
9194
7888
14271
11628
691
438
480
8996
3549
6494
9749
6582
7055
12632
12967
490
14420
7407
13920
4177
5101
13975
1224
9002
369
8292
10181
9292
8081
15630
14435
9329
3390
5961
3558
12825
8901
3346
1472
16003
3996
12767
10193
3625
15861
5088
5765
1532
14403
13542
10536
569
8043
8845
11130
6521
5446
12378
13543
11172
3209
6149
11471
432
8909
409
7122
13466
9769
5778
15642
5973
3827
13167
11198
4085
1591
2370
6826
11274
11747
7333
6504
7434
14866
5461
13541
1407
4610
7234
4482
14780
13082
14898
9360
4691
15575
3023
4123
14443
1770
13258
13268
7047
12969
2452
12494
12858
14207
15734
14696
680
3011
9794
12920
3673
13197
8849
10958
12119
547
9588
14100
15609
12064
8671
10966
15296
9671
3037
12663
12129
5634
15518
8094
1317
11181
13540
6985
12804
8335
4652
15954
11622
892
2765
466
4630
724
2789
11480
8525
2885
779
15077
4558
13693
4324
5372
6677
3995
819
15134
4590
1596
6167
5593
7306
600
14305
7924
8566
1962
9886
8301
3602
5321
12738
3982
4893
197
8252
4818
4887
7789
8441
952
12675
10115
4744
2511
13506
315
10096
13550
318
14060
12717
13287
1065
474
15776
12471
13329
3554
6208
7804
15105
3561
10380
6871
7717
13421
737
14711
12596
458
15217
16035
14234
5234
7301
1640
1835
8696
8044
12820
4569
13627
11553
4240
7753
8964
5975
7316
1342
13113
1772
14284
817
9954
5645
1339
701
2500
11473
2614
7891
3161
3042
10809
13161
5047
14009
14241
2966
4545
1899
5539
11231
15830
11475
3107
4919
13761
13353
3782
95
13553
4524
14267
15269
9497
9162
4874
14252
8629
15916
4313
13783
9871
1852
1607
8825
2460
15554
4329
8684
2633
10660
10719
9555
1187
12486
14761
12339
5656
187
12661
7838
14842
13240
14041
11806
6986
5215
4936
3956
4160
3017
13247
16137
10219
14368
4862
4438
4559
8983
15188
11367
7728
14995
11828
4611
3840
3706
8296
13037
14779
15552
9173
7352
9674
9035
7564
2220
13027
7419
15322
12564
10553
4022
14793
8001
3469
7124
3692
7634
4512
4340
9224
10467
8622
5787
11073
3986
9201
10923
4403
13291
11565
14835
9438
11992
7898
10482
3255
13355
3032
13018
9361
3559
2001
10472
5235
8505
5701
10125
14228
12042
3958
10761
710
15617
10419
11827
4909
1232
1886
1181
4124
15682
11516
5887
34
15769
1330
4258
1371
5435
756
8421
9269
15259
14171
2655
13852
16056
1341
10777
7334
14320
2184
8669
4905
2415
767
15752
7309
7607
15932
8988
13892
9687
15709
6219
3002
15052
12118
4304
8842
2177
2999
632
9412
7193
15166
16136
1399
375
2110
8351
37
672
9192
11375
13000
4024
415
1984
7762
2366
4488
8013
1903
8391
11257
5125
366
15228
6819
2892
9324
4970
9686
7502
8716
1888
11246
3103
9637
14426
8372
7154
14587
14246
774
5346
15797
9366
4109
14051
7402
9059
15274
901
13433
15097
9757
765
14251
8962
5754
15598
11411
12902
10337
5191
9268
2570
3843
2826
8056
1774
11425
13158
13637
15076
8300
6399
2585
10612
11483
14923
15581
10973
10382
2084
8674
14410
6241
8497
3450
4532
9040
4871
11422
14893
137
5141
550
5114
2397
15570
10555
2738
2817
6662
116
3517
6775
5012
8473
13668
6043
10881
4417
14896
11052
9986
8709
8815
9087
3301
13942
8984
5930
3741
2958
7890
1351
6350
1022
5943
12139
10011
15807
14627
2279
7295
3829
7773
13532
13278
2815
3300
5010
1625
14053
15402
6166
9476
12425
7321
12711
9720
2016
8754
6776
14903
11835
5990
3311
3363
12282
14020
3356
3674
12423
9140
14641
6368
3590
9482
6099
6809
1263
11812
10972
14645
10395
4245
227
7498
15595
2674
7049
12847
11223
358
4243
9639
499
3967
13354
8057
7148
15189
6942
1691
5569
14248
12085
7621
2383
6782
10440
11676
6755
2571
15969
1150
11602
13803
7103
396
2851
11176
8553
15612
10155
8758
8976
14802
1047
8112
14446
12650
55
13136
9785
4681
3068
15478
8899
5253
1776
7517
7287
11432
2498
8623
14082
2057
13725
11998
16012
1394
7639
2909
14726
4224
7
9663
8218
3352
15971
4393
15699
6112
13100
13848
13552
11789
5474
8614
12935
6224
11209
9090
14661
12214
4385
2074
12951
14783
8697
5518
3126
1364
1151
10911
4907
5848
8844
9228
7941
6475
8437
14789
7480
1435
7596
9483
10982
7400
9415
14891
7790
10655
11843
12777
12218
4637
2948
5664
9584
1932
2975
14585
7542
8913
5085
565
1082
7705
4641
9601
8867
8297
9965
3246
10197
8418
5690
173
2965
6610
48
3921
13966
9633
9027
1552
7414
2806
10570
15904
9184
2728
4157
4628
67
1074
8469
7063
10211
9760
8575
14832
4968
2663
354
5968
8382
7105
6375
12900
12689
2863
11025
9287
9179
12702
14722
15545
3065
346
8411
2149
6260
13106
11106
10516
7263
9226
6499
5522
10058
6981
3955
12791
15419
10878
3479
10190
11770
2648
7519
15447
1775
10411
11320
9984
8486
8708
8438
7282
7224
11063
13764
6599
12803
621
4971
3342
13988
9108
5072
13625
11502
10867
12291
13070
6715
1419
1705
3630
11421
12889
11185
7970
5386
14859
13345
2925
7094
10901
6433
3332
7741
1060
13898
13455
13050
15584
2305
14823
4573
9152
15231
10862
9554
7100
14869
1576
9089
2012
3239
7436
6293
12113
15988
15876
9604
11970
708
7367
1928
9795
9389
15710
10610
13300
10103
1853
5116
5980
1756
14476
9034
3057
11677
11663
12542
3178
734
12052
13460
14812
4285
5584
13851
7922
7499
8573
9472
2611
2137
4249
7844
5919
13324
4265
576
7497
16032
10063
4931
4928
14070
2190
1506
13063
8590
12226
2929
13317
8613
229
13107
12610
10624
5393
5527
2902
1549
2036
12191
10884
6265
13842
15952
4743
14557
1510
8818
11069
2388
7083
13642
1568
13740
15940
11380
15390
12614
13665
7299
8413
9594
11873
13487
14038
13362
5364
11759
3210
15704
15990
2708
2959
4459
11007
10925
3314
11335
10625
12493
7462
7577
1577
3740
3824
3859
9186
111
13484
6660
10638
7650
8146
11769
11685
8979
6852
13617
7840
14738
2917
9371
10128
279
16034
15181
11980
5310
10582
12811
12751
11436
2861
9133
876
214
10611
12569
13369
391
7698
10587
4877
8888
6584
15017
3138
13259
13339
6626
14550
5826
8689
10870
16112
6209
11360
12449
13585
10722
7310
6133
12685
8965
11291
6165
4979
3009
5795
3179
1864
5231
9314
15716
15002
3722
8539
6354
9957
12193
3637
15787
8069
219
7884
2303
11737
11765
2690
15045
5440
1921
8750
1778
1366
11983
1112
4252
11874
13801
5674
5654
7477
12059
2089
763
15562
14620
8139
13169
13286
9053
12409
6579
98
4938
6711
15786
3861
12597
676
13402
10934
8863
11072
13997
12094
4846
2566
6896
3224
3680
1530
14143
10420
14247
12387
10711
1230
5300
1259
5506
1629
12762
14797
4195
15615
6215
10243
6879
2449
1787
16055
14962
10803
8533
12986
1885
4107
15149
7849
12176
13176
5745
13323
9755
10089
9012
2680
14489
4712
9240
2193
3779
5937
10844
8653
9337
5043
9614
15579
12792
2272
7139
583
7905
1551
11745
7538
4783
9551
15865
4273
15611
15161
1998
6796
8164
11493
10539
5918
8701
44
1810
15090
9100
578
10542
14935
13673
472
4034
11728
12747
11908
11120
6535
10001
732
10071
2517
1468
8167
9343
11571
15206
6578
1986
14325
14421
1803
12785
16118
14329
11234
7303
14906
16138
11344
6271
6280
15605
13840
7766
8190
1860
2481
9283
2011
4689
15654
13843
2704
12677
15848
4310
7012
3979
1171
11203
2309
13961
8366
8251
11649
2104
7035
13064
15265
10271
10970
15907
3700
8062
11415
158
11915
14631
17
8025
7906
12813
9707
7296
12204
5757
2240
13192
11956
2832
14930
7655
11428
1518
5016
6886
3268
13738
13832
9443
13305
6448
9889
11233
2200
10254
6789
7355
14265
13780
5137
7683
10421
14283
13168
9956
8619
4405
12766
9758
14593
6593
10560
3683
9305
573
7186
3743
15548
7042
6574
7936
1694
6811
9332
816
4155
9153
14213
13704
15508
1414
13512
6576
13766
269
6098
6731
12545
1146
1631
5163
12268
14792
10267
10357
10534
10664
13243
4703
5084
11424
877
523
8801
1741
3027
10227
6763
8935
11128
457
5922
9542
5018
4882
14636
7336
12897
3118
11752
10993
6129
3128
3864
7935
15290
12495
10349
6363
8503
12065
10699
8693
4013
3148
1565
6068
9973
6087
12523
5856
15199
494
9995
14739
7226
11900
2953
5073
14912
12138
11179
2700
3227
551
11095
2740
8778
12553
2425
7101
8631
5768
3361
3398
9518
8083
13101
8769
7637
2461
6349
14151
4529
9043
10313
11570
1193
6239
8429
3744
15777
1198
9546
6315
1319
14116
4413
8810
4567
123
5809
6093
3493
10914
5884
14845
918
7721
1876
12527
10413
5294
1931
15320
10292
11419
1726
9928
15135
616
13775
13165
3710
8722
7229
10446
319
8383
10523
11047
6877
5530
4087
9217
14447
13273
14145
7084
4098
6538
7081
12944
193
6736
8813
180
7616
3399
5096
1924
10213
7001
8565
292
15531
9242
6980
3486
14314
4716
15739
4647
14181
10564
7475
2528
12038
2735
3166
5350
15001
12000
7901
10807
3047
124
10039
14855
5816
10445
4754
12749
8452
8446
11265
1292
1893
4770
14129
8582
8606
11569
3183
3133
14335
11928
11296
491
6745
2934
8649
12752
15469
14217
13488
1918
1505
4174
13734
3154
8907
12881
3705
6945
1277
1260
14648
14374
2651
13737
8789
7582
5263
9619
4714
3551
4542
14111
8930
7549
9967
988
12985
1163
8956
630
9469
1911
6976
4211
140
1651
15747
4556
13409
6691
14172
13546
1333
6554
4760
4568
10784
2369
13505
2906
8594
8747
16102
6829
14535
12022
14607
9191
14427
11299
1740
47
2995
8232
9774
14563
12183
10466
11523
6481
16070
13581
3214
14757
15297
11370
1953
11307
6010
10857
6890
4508
15878
12413
11718
10813
2574
11950
6052
531
13492
5770
759
13946
13029
7255
12315
6616
14237
6153
6407
2957
9682
4323
5423
7045
12949
9725
15276
10297
10379
8508
2248
14804
640
14408
13583
9050
10255
3327
6957
9638
2022
6780
6847
4875
8160
8310
4486
1943
6143
8008
11474
4728
10162
11469
11682
1678
1821
8200
6930
14653
951
10783
8782
10874
4852
9812
12012
14637
15922
2822
8257
3218
1063
3354
291
11686
4576
9141
2157
13722
5672
9169
540
1023
12225
2618
9204
12516
11657
14574
10471
8117
23
5766
12726
10232
1281
614
7583
5714
8093
1985
1477
3957
2670
6979
9517
10346
6679
7173
7910
7488
2230
8556
5822
7493
12586
13544
5040
10095
3851
2781
7606
2794
52
8285
11981
11972
11252
1004
268
12915
10597
14282
4414
9188
7368
5837
1266
13143
12107
256
9262
476
2550
13709
3252
7855
5853
3270
5
3015
1185
1044
11940
5279
12362
13695
8743
13666
3249
14411
6015
152
1348
9856
14784
8071
7175
1267
12330
11346
8644
2626
13702
14462
15054
6033
12772
10241
15378
9142
14190
10032
1636
8193
566
11636
10386
3063
4061
14055
3262
7050
4667
1073
3952
7716
11460
13958
6966
2524
15356
7276
7030
5607
524
14852
14537
2790
7223
11035
11319
3953
12192
1131
12023
9966
2946
3014
2429
1089
9135
9353
7674
216
15737
5747
11867
12324
3941
12101
10290
11298
11804
6
6718
487
12238
12934
8955
9170
2715
8632
11183
13593
15277
8396
7559
5615
4578
13309
10974
10062
2850
7767
11086
79
10363
359
10427
5636
1883
6006
6913
14128
8578
8037
5965
3310
9116
12307
9827
5354
930
15255
1783
8000
15271
10374
1585
12981
8523
9383
14439
6898
14596
15100
3165
4372
11821
15344
5264
13293
16006
413
9409
9493
736
9751
4465
210
9843
6131
1595
14429
6459
8485
9874
12893
237
16116
51
798
2835
6724
12353
2771
1199
10245
11395
4256
812
3858
7775
4961
4291
11465
5838
15673
894
4464
12924
10
10047
8824
2705
7393
13981
10327
2214
7252
1952
13322
3862
3682
2003
6900
2118
6322
10955
3112
13912
10087
8313
2319
255
7581
11761
8673
10915
9157
1618
8041
4478
6657
9099
6216
15218
14274
13790
7421
11315
11033
8002
6880
9564
8975
2031
1382
8735
15184
15314
14801
8018
325
9339
1816
10120
1680
12033
12365
181
334
10585
9453
11926
4365
800
990
4183
1006
2941
8807
11943
3904
11124
9471
4094
12302
2913
3454
10891
12427
5327
11137
10252
11092
6002
4734
4595
5198
14461
4470
4474
3383
10159
2579
11414
5349
6203
874
9782
392
147
9860
9669
5173
3819
5130
2159
2432
8141
922
10984
8528
8353
2868
6509
9778
4449
11719
8242
623
9362
12352
4473
7075
14453
3499
9569
13982
6581
14225
8738
9312
3444
807
6313
13631
348
5649
13810
12300
13831
1832
4349
12397
9568
3129
2922
2082
6747
2939
7396
15048
10364
4086
2756
8212
2961
4500
509
13875
10438
15823
10016
5556
15659
4241
3912
69
7702
11060
15409
2451
702
13122
15425
478
12444
3480
3385
5221
4176
14888
11536
2678
14438
2654
13770
2510
4171
10727
14021
10176
1120
2586
3810
12267
1401
8688
13108
12177
11693
7631
10509
2592
2020
12316
15684
4062
7135
10877
13528
6656
15950
3320
12992
8791
11146
4690
1937
6014
10483
6491
11555
4557
14430
15757
6824
5396
15263
14301
4168
2314
4081
11002
13218
14614
15989
7971
8027
15121
2236
15060
2155
11946
10692
8821
9180
12031
10632
8861
12234
11250
15393
3070
12655
3512
4619
14997
4879
4106
6485
7740
6714
14417
2858
4169
11572
9075
15898
14108
7515
12568
1427
11642
13846
12391
418
7617
4350
15198
1736
13062
8137
11226
15843
16047
1110
11782
518
426
3698
7102
16087
12846
14189
9399
10680
10124
3201
11423
8592
11075
12489
2336
5182
10822
9229
2064
3106
14308
2165
2402
4058
15313
2126
3081
12854
13386
11597
13671
11632
9247
11936
12338
10718
2553
8727
13675
3293
7605
6876
15244
13424
7467
11272
6075
3413
11027
2519
11951
7943
6522
5520
11722
5340
3297
9210
15696
7029
2494
8269
3329
6489
1471
9273
10027
3147
7760
11277
13589
3088
2346
2052
12603
16041
6517
11220
5438
8017
4807
15267
10756
14105
12351
7192
6250
7510
12993
14568
8088
4302
11712
7919
3640
14255
8144
1365
793
317
14236
4599
7137
12774
7429
10931
13825
13296
4433
6794
2920
3519
1430
4890
15759
5537
15862
4376
6220
2932
10492
2189
6571
11973
11464
14913
5069
4724
11248
7904
5193
685
10432
1887
3867
9733
7427
982
13048
3122
8291
8507
1642
8627
1087
462
12043
15620
7534
4286
11938
3442
14092
6017
2776
11839
15811
8378
7297
1646
11655
10656
6151
2068
12458
3438
13788
8076
14475
6760
1571
2522
8886
9540
12974
13820
2040
12831
1954
10594
12010
12733
2378
13344
14658
14235
7576
15291
444
4730
6028
6608
9246
946
9073
9790
2271
8547
15763
9136
1338
13020
1946
1090
8943
2617
12418
3893
7771
496
8119
12894
10341
4077
2154
8246
2186
4811
9649
5588
10698
4788
2211
10242
4777
14622
847
12629
6968
15095
12700
9221
2060
15760
13618
416
3834
10208
1484
15167
8432
10056
5905
11931
6162
225
14477
9858
5489
4526
11009
2447
12784
13154
1682
9737
1658
4525
15580
11687
978
8542
15242
882
356
5207
226
11237
10164
5552
1930
5247
14539
1168
7552
7907
4781
4454
5947
2788
15093
10835
420
4382
11958
1583
15813
4091
10572
11409
7996
11170
7470
15607
6311
12837
11163
2546
15333
11387
9231
3560
7869
10328
13932
12543
15801
3281
6864
4658
6808
9587
9393
11500
14727
6072
5108
8603
8710
3935
1010
14954
1370
4972
2567
9206
12696
3753
14874
11117
14096
14512
4654
7788
7471
1613
13467
11499
1496
13060
13687
7330
4981
4244
14750
3233
7026
4821
6182
2842
8345
5713
5915
9341
5082
2910
5462
13174
3880
11817
13763
2821
8223
9020
622
5283
1615
15795
8682
3481
12008
15558
3574
14843
599
11442
4959
11207
3684
4697
6398
13337
3261
1826
9847
12821
6223
14198
3503
10229
13042
6292
3392
3291
6840
12127
1418
14769
2027
14154
2304
8185
12036
6088
1719
13602
7540
15208
5934
10765
5001
14856
8075
11598
5306
10743
15568
6738
6844
6137
11894
2537
8265
5673
14809
2490
896
6404
6172
886
13865
10279
13567
15063
10078
205
14678
10917
512
6230
8744
11868
15809
11363
6392
13791
15051
2161
1833
6496
5055
1264
2492
1322
7394
5050
10396
12475
2221
9668
11068
7250
9369
13078
5675
4354
5889
14250
15738
15663
11283
13758
1080
674
10628
10019
10385
4679
5240
3736
6091
4626
16024
14905
7185
5946
4364
15616
6303
13440
9977
301
10529
6173
14777
3537
651
11305
11338
5808
6614
7097
14395
1777
1675
1068
2843
3667
15656
13496
3491
12678
11858
14370
14624
7412
12073
113
3191
12447
3114
15686
9740
10734
2706
1104
6058
11583
15837
1052
15374
11818
13348
10278
10635
12272
7231
5815
678
7754
14838
12970
11561
9748
12208
14315
8847
15225
15162
9560
1028
2899
6055
8323
4814
14196
1250
6073
562
3785
141
8927
14027
1241
836
4146
11408
397
7416
7786
9063
196
5549
10580
14619
11126
830
14125
2616
13749
2474
11322
10837
9286
1743
10537
12182
10198
11651
13180
11098
2497
13503
5535
13320
6565
381
8665
9484
1814
7142
12833
10026
9193
14816
6668
15724
5257
1645
668
5400
6793
11468
13297
5202
11546
14705
5404
4408
963
5289
15282
11788
4362
8951
13215
13091
8567
9923
12510
1223
11189
3
1434
637
6034
3855
8049
3860
9934
11486
9395
7687
10126
5156
10866
3445
12360
6860
9980
9523
15343
12104
3134
7220
12517
7115
7177
9557
14064
12187
6493
9005
967
3339
9264
2371
3796
3102
11933
4143
9319
13289
5572
7028
12361
8103
80
15847
1357
7570
9047
5097
12773
5910
8678
15893
8651
9652
8337
8626
13605
11819
5060
249
14595
289
7779
15012
6895
13524
12002
201
11784
4226
8957
6670
14203
6653
2557
7059
11383
2914
7291
15379
14071
2714
7360
10748
6471
5478
6027
7874
6376
14977
3511
11830
5890
7085
16011
3965
4749
1304
12911
3562
503
10601
9274
705
7695
1446
11074
14019
5658
3887
8138
12009
6291
6039
796
1160
14385
4128
7602
15207
1874
7152
13773
2227
8557
14964
6934
2066
11173
11962
3899
12790
5832
5736
77
2147
15438
15567
3276
3307
2430
7002
1933
10082
4771
10576
4695
4666
6003
217
16128
1520
9350
10435
9626
13992
12555
7037
4383
4030
15908
4314
3642
5785
6774
3755
10709
10448
10921
9736
11224
4137
15068
13927
5394
7290
3945
9398
9051
15293
5497
4948
13960
2751
6382
12102
11350
100
14158
7058
12665
6696
2903
6854
12097
10228
2488
13857
4166
6148
7354
5095
9822
10872
15061
5482
15357
114
10629
2287
1660
11949
11125
7720
3441
12366
5802
15102
12750
8165
11603
15851
9396
12385
4306
2412
10127
13658
5924
3143
3616
620
1424
11864
2172
4670
15391
1799
13661
9981
3169
13636
12807
10345
1955
6720
1142
13152
2201
10781
12018
8308
15745
5807
4300
12244
2733
1461
4255
1728
14571
10476
2162
14322
7179
4999
1655
13445
2002
2652
4949
15802
3678
11169
14005
1766
7781
5252
2284
7688
10897
9581
5418
1162
4553
8428
2433
2342
3475
11783
1395
12737
15591
13784
13090
7027
1589
13547
12325
5681
6748
6054
3845
1291
1974
3263
265
13088
14944
15920
3372
5434
14830
6397
6911
10751
5129
4575
10616
6518
15924
4671
3467
3437
11885
14706
9306
9685
14418
11895
13745
5086
6212
3905
4412
10272
5671
4837
9700
3891
6036
13157
6063
2268
2816
15731
262
4511
5705
2691
4552
9919
13692
1733
11294
2590
4544
14737
10720
649
12646
13381
8755
1951
10592
5190
4099
10524
14130
489
2997
7314
7428
11742
15385
8652
7003
5519
8646
7817
2693
4461
6299
12583
14312
5769
10268
595
10565
8804
14015
596
10841
7133
13643
1127
682
11579
1851
12048
14000
9958
14854
899
14770
8878
5090
5415
11136
15483
10376
2125
5433
5398
8772
10600
12714
7801
9583
12849
13099
8939
1108
8767
8040
8695
4664
151
12027
10791
251
3105
3617
12864
3456
15764
1527
14647
8435
5719
10812
14724
2506
1782
8302
1514
8284
16046
12215
14606
4125
936
14090
6636
5229
154
3026
13054
6094
97
3703
8215
4203
5245
14361
2076
3826
7437
13170
7611
9586
13889
14442
2508
8760
7989
10431
3155
13086
12350
14504
4819
15050
5119
12253
14024
5744
729
9920
5904
15197
11145
8932
10789
8777
3436
10741
11256
1008
13594
12281
15163
603
804
5621
16124
1057
10746
4219
16088
1871
8459
5746
8538
15574
8010
1106
5528
7573
1855
5868
12180
9248
2974
5172
12254
7671
7929
5812
5791
5248
1878
2582
10203
10121
15240
13781
5391
13858
14199
1066
7714
9344
9392
2943
14419
10204
11017
7957
4857
12252
795
15079
5895
13915
5000
12306
12673
4239
5110
10144
11155
9866
8439
4410
7494
7161
5338
3388
10906
13903
11021
4326
6086
345
9048
3727
3838
6059
7942
9121
14901
1941
13739
8986
588
1305
12332
1091
7748
8814
13125
1504
13373
10029
15860
14037
3566
13844
15974
6246
11245
2683
3090
14844
8090
14819
1405
13164
9218
6463
2326
9241
8256
613
12473
1972
8803
3349
3216
10964
6174
1432
7145
10077
1243
15948
11989
4230
1265
8006
15148
5258
6694
6817
533
8322
10042
14464
1550
14613
5475
10134
11929
3202
4991
1453
14261
3923
9131
15109
14703
12219
1619
2195
10073
14579
1113
9589
6030
5323
8122
12071
3343
6632
12137
14392
5885
5219
3448
14787
11123
12453
9413
10559
5694
9728
7121
8236
13420
12971
13404
7939
15963
5541
6837
5254
14063
14957
14168
2828
2979
15025
12705
2234
4864
1977
2469
12838
8524
2897
3847
6881
8723
8887
15031
902
2516
652
11049
9705
8145
10013
6916
6371
9464
10034
3556
10174
10246
4738
4920
14372
2212
8545
7557
7090
4371
6032
8286
8444
10864
3946
6155
3053
6526
9378
14028
5153
5077
13187
1027
11833
3434
10588
5488
3610
11991
6217
13899
13600
13930
7610
1280
11280
9710
9611
15309
10360
5548
8417
13562
11107
14391
3848
4471
10330
15354
3055
8098
1781
4042
11832
1153
11282
5642
10630
10627
305
9163
8097
12793
12623
12131
8836
5699
4812
6897
12604
12044
7878
12563
126
984
3603
13451
6983
15275
563
11364
9763
15555
13757
6963
11059
10957
752
803
15454
12780
11653
2410
8857
4114
5580
11625
14679
14824
6403
9731
7213
10256
12987
13973
14887
584
1557
12759
12899
15658
10296
10496
7880
1413
5523
9791
7363
5179
9095
10489
10504
2295
760
7138
8820
13990
4828
9122
13235
2222
471
6445
11664
14487
13859
14745
9561
12770
5988
10693
7640
9102
12401
3818
12684
1354
8771
15691
5735
2871
1627
2192
8776
11780
3326
5180
7745
12888
2886
14660
12389
3853
3875
3811
13836
545
5984
3924
10214
13015
15935
15749
12926
2239
2418
8559
3902
11405
9044
10068
10641
9960
14161
12827
3251
13239
8536
11448
14573
6357
13647
12060
4317
14748
1681
7663
1789
5244
242
654
539
13756
8855
4147
9539
749
14057
3920
13299
15474
481
4913
13854
8373
3266
10997
12322
706
9962
5411
12004
7431
5370
7054
6126
4400
13632
2385
15550
3552
3393
15829
14505
14452
4250
857
212
5779
14159
4522
8440
580
8326
3800
15332
8354
8823
16001
8201
14491
12978
1542
568
1630
4444
10422
11044
7651
5177
12879
16120
1270
11898
13967
5591
7343
10091
10072
14269
10269
1114
400
5799
15698
4926
13314
5138
2709
4294
8235
9717
12997
6557
3273
9327
15399
15456
12221
14970
9808
13902
6423
8686
12158
7664
13829
11443
14955
12690
15680
6105
7690
13087
781
12499
8663
13321
12122
5049
2629
11091
5517
14387
9784
8214
8931
2174
9370
13838
15160
4297
11317
7825
14371
5676
865
4736
16030
15211
8953
6673
14961
9146
3765
3200
5100
353
15306
15742
3355
5774
9374
6861
3312
15849
686
5874
8989
844
3943
14290
5379
13797
1268
11720
10048
11837
15078
7982
12266
560
8889
14746
4955
443
4437
11542
12943
1456
15450
1653
9176
5700
9430
11610
15000
15921
5767
10889
3989
12092
9821
13200
4187
15927
7157
12562
14773
12680
6548
9054
15417
386
2261
9211
15418
15962
10951
5880
1035
15666
199
3580
15472
2365
4327
14586
6973
10054
12217
5927
10861
12484
10017
9930
11688
15110
7987
6238
15614
6575
14861
1359
3464
7209
15448
1684
13871
1963
1194
4892
4198
11846
6891
4075
4200
13253
11877
14126
7684
2431
2238
1072
3108
11779
12390
14635
6090
15569
12912
908
7264
185
15983
1088
1041
14803
13515
10035
4941
14373
10626
13706
7092
8403
9431
11802
6586
12937
1249
12424
11768
1014
12021
9935
3535
10487
2710
1535
8593
2717
14186
5821
4876
14915
3172
13160
342
8289
6655
15892
5425
3019
11617
744
5994
513
7656
1528
13873
8303
10764
12886
536
7257
11490
835
10551
9462
11418
2834
7892
8881
12729
11587
1541
1118
2427
5107
5113
15108
15750
2317
10480
1654
308
2152
9830
376
9745
5444
16074
1141
15212
888
14849
5071
7749
1502
10770
9578
6515
2684
2035
3271
2300
9762
14299
15586
9130
9496
8295
11070
5301
12778
1056
7098
12126
6417
3244
3897
10998
14538
638
5032
11496
7590
3100
14457
7815
5020
2341
11704
8680
12867
2340
7830
7608
9466
10090
645
1632
12485
12625
7536
2489
15780
9575
2985
10053
7813
9183
6201
4388
6859
1533
15497
2351
11623
3977
15886
3555
15857
9436
11311
9724
3631
3062
7862
10526
11213
12616
12746
14542
2330
3272
9824
5813
5406
12175
541
13242
7747
6519
202
9199
11918
12581
12619
7600
13105
14232
6079
3173
10331
8196
6647
1069
13504
6993
12742
2462
1495
8192
6795
1912
10715
3573
6520
11096
4153
9320
96
13649
9869
8369
501
14553
8080
14302
10143
10488
374
15670
13039
11741
773
11080
6418
15404
5239
5209
14364
10778
15349
4427
7089
520
1939
14509
6134
4614
7127
5823
10037
7503
335
5956
12169
4462
11235
2197
11303
3627
14753
15251
1572
6344
1492
8121
13262
13812
15872
6770
9610
1404
3050
7525
9913
1806
13477
12230
4841
11902
8498
6396
12617
12341
11444
7019
408
6338
1152
10836
8868
5536
9711
15220
6179
384
1149
101
5238
10830
14758
14555
16
3175
11635
13166
1795
7923
9836
11112
6021
1751
4210
16044
4043
5284
4379
7256
9629
13393
12369
5451
9233
109
1029
2091
2059
8630
2181
4156
13375
3615
4248
5830
7514
8142
4276
4476
10289
4675
1196
7669
5753
7816
5898
5605
7064
1828
6400
11420
4254
10140
15021
14693
980
4145
3391
4713
13288
5603
12574
12156
9177
15805
6562
14671
1017
6455
7945
7845
15437
3459
3823
7508
7461
983
284
8107
10567
1375
673
2753
8714
2818
14209
1983
12973
6218
13089
13628
12078
8683
10902
12278
660
5510
12121
2554
11167
9504
10407
11193
6281
11592
5195
15943
10663
9261
8883
1329
12600
15144
6959
3833
7732
6385
14012
12273
10141
647
3544
2722
15132
2428
4415
4120
6625
1880
11295
15785
4791
6328
14564
2875
2937
7566
13577
3136
14076
5224
15312
8203
11961
11504
11488
9457
6828
6171
5575
6202
6205
14916
2013
2711
12241
11942
974
15202
1997
4430
15009
11820
1343
3942
2142
2622
11100
5949
11214
12167
2409
11019
8491
1235
12613
10503
629
2476
6147
730
2249
4741
9449
13591
1801
7871
10904
1355
1590
5651
13172
14131
1701
5054
7730
12672
6429
362
5955
11247
9294
2434
4321
88
5979
10959
13043
1949
814
9058
2061
3852
7489
7575
10846
10920
8487
8664
1408
8126
8952
4627
7023
16060
7998
13969
7818
6894
14178
900
2542
11050
7629
3046
3665
3192
5564
3599
10371
9882
9863
3235
11254
9418
2362
15034
7726
15230
8005
10497
13162
6672
8048
13313
8106
8399
4435
10006
15258
4780
2356
11764
1197
5076
9552
1048
13379
14367
694
14414
4922
13448
3205
1331
522
16077
1336
8461
12034
14694
511
13816
7965
9349
15755
9304
12904
13928
7311
15999
7641
4442
3747
3518
8024
13624
5857
9712
4639
1417
8608
4260
6207
9667
2495
4723
8253
1124
4776
5220
6703
7927
3215
13025
11148
1136
7395
820
12769
728
11689
13629
13047
3396
827
13395
7304
6845
14821
8685
1059
12520
6127
13656
2291
10983
12072
5635
4368
9702
2583
12707
861
15071
6289
14914
5210
6851
1064
14988
3457
10473
1849
11085
7243
3985
7261
15455
8015
10643
4765
5027
10464
16098
6204
368
13720
11888
4345
3748
8516
8726
4935
14762
4264
6814
2865
895
7123
6282
3962
13651
16040
15128
14817
13216
11851
9566
843
11648
14275
13575
16104
13072
5859
6651
3248
7236
8698
10147
642
2772
3723
12061
13199
7465
3104
4262
8670
11244
15494
6975
8084
10123
12287
2170
11054
5259
15527
1566
12070
12476
11109
7013
9621
3347
6820
4377
13120
9541
2830
10766
8895
5667
8124
5505
9630
12708
6619
1236
4206
14771
15388
3704
2079
5184
4402
8480
8700
7585
549
7609
14025
16100
2108
4772
1204
9622
4904
7624
11304
13035
15600
12955
1543
8897
16119
10244
11332
13280
9658
9485
7902
10618
7383
15104
9062
8066
6370
7278
7387
10083
3643
8827
10863
8784
14826
3497
1662
864
5907
11495
7647
4053
11746
12263
4735
16048
1076
1902
6437
10690
2377
8347
11692
14259
1666
10299
6728
10621
4346
163
14054
1248
10237
957
8728
15712
13841
4279
13135
9041
8549
5036
1648
13508
9714
4064
14050
1034
14183
8496
2783
2895
1040
3186
12256
3595
7150
6757
7856
9143
8363
1511
11738
7006
13002
12852
14515
12841
11412
192
5428
3531
3400
2687
6705
4523
7545
11113
12977
8770
13916
11071
4914
11479
969
10097
8489
121
9006
8543
3988
13497
1278
5712
6870
15427
8349
5133
1312
3651
14348
8796
10038
11552
14767
875
1708
3476
13007
5839
10107
7285
9003
8078
4778
6952
4008
5751
11388
14444
4475
11816
1085
9520
6577
2538
11202
12783
8610
7082
12264
14941
13561
10971
7033
4657
515
5278
4332
11394
12843
12865
5273
14839
303
12605
1139
10528
12927
7743
373
14067
7983
5663
2672
14649
8116
8763
8339
12402
6587
4274
9358
7433
2471
9926
11514
6998
10674
15690
4731
9801
2408
1318
8484
12132
15634
9351
15426
4747
12905
15928
4409
15799
5490
2970
1396
7981
15923
3804
9029
5696
831
6264
4615
2541
1440
1226
7423
4101
9990
6070
13110
8050
9655
10206
9422
445
2796
10726
14618
12930
12982
1503
14460
2531
4028
15846
6115
15765
3618
3043
9653
6732
13425
2455
14684
4858
15633
11396
3142
16019
2795
3344
6343
12627
1868
7691
3928
7389
13252
3758
5307
9907
4152
3130
8316
1562
10209
11503
5460
13684
10119
2911
4797
10608
1431
11822
15081
1671
4472
12382
9185
4721
13391
666
5168
2081
3591
9401
1121
11286
7166
4320
1798
3584
3407
15480
4762
8451
14075
12975
10745
15490
8948
2551
14580
13407
15987
7547
4352
15037
9734
9970
5624
13952
11205
8009
6838
7595
10938
11590
5251
13426
10511
10007
3219
7953
15451
3937
11165
10801
10817
8172
4825
3846
1425
15812
2786
14238
556
11880
4292
2242
6999
14173
11578
16076
4606
4902
825
10316
10840
13664
14526
10469
10845
10747
15676
7727
4609
4711
3334
1374
561
14332
8576
15501
2333
3313
13419
2945
14016
3395
12396
2312
12075
6932
475
949
15572
10919
14056
5508
2252
3622
14195
12074
2014
15340
607
7594
3340
14046
7776
13879
14399
5455
1220
14400
1449
13406
12098
9507
10531
5117
1037
9127
4015
12319
12634
15719
11362
11005
3786
8597
7548
7240
1976
8902
14836
398
9468
8721
3110
3568
14626
4045
3601
2285
2732
7246
12288
15030
4701
8792
9608
5203
8306
12706
7241
14331
7635
3600
1390
3541
6139
11407
789
11865
349
11330
6611
4782
13717
435
986
11911
11011
10605
8169
987
10992
6529
14378
15213
13443
3083
12552
4624
909
3308
341
1672
15533
2848
15233
3152
11605
1325
5139
8519
14136
1667
5127
16133
3265
13897
6797
5089
8143
2513
14451
11777
4214
9216
9376
4110
2928
8266
1205
3264
9367
10234
5896
176
15708
14922
2198
7279
1584
2603
14031
4021
1611
9567
4906
15252
887
8140
6312
7785
9818
3473
11854
11429
7774
8581
10170
7518
13351
1209
5737
4824
15204
14103
14146
2658
559
7558
13077
9023
14257
3427
6447
13856
4581
13275
15543
6187
9933
8402
5476
9215
6018
12528
14344
2286
11342
8636
9971
16005
10015
504
5008
944
10986
5920
14338
10323
11251
6040
7811
12522
7169
1712
11162
8478
745
9509
6991
3745
11535
9938
9505
5592
15891
10158
10883
4411
13119
771
5159
4983
7450
4232
10474
8058
11650
7677
1367
12834
5792
13805
13371
6285
8848
3812
14811
13183
6480
4054
1807
3769
9593
7955
1237
7318
8858
1638
11957
3716
3596
1714
5004
15868
8211
10561
14165
3849
6473
7952
10936
13441
12540
3964
14834
14581
2439
12260
8314
1730
15930
10258
9213
15439
9119
9676
8642
463
5268
3583
15902
16081
2008
6539
4956
3071
3813
12464
11042
14973
14605
4392
10903
14776
11935
12017
11577
10833
7854
16080
15619
2720
15559
5587
1308
12417
7961
9813
961
3230
2918
2844
2324
2283
2128
8833
9037
10644
14518
5819
194
4632
8356
6606
3504
13126
2702
5128
4705
6501
10566
14981
14989
2233
11459
5392
6049
12216
14366
4930
13901
12892
6631
6620
10196
1429
11022
6681
11324
7769
11030
5732
5167
12692
11334
14847
7044
3389
11321
1526
5280
68
465
4950
2837
6307
11716
10712
394
14974
8540
8511
10010
4597
3565
14115
601
14080
5561
4335
6025
15728
11079
4009
4861
4078
4574
4514
4420
4121
10773
6874
5121
10052
12740
11184
2593
4769
5692
9290
8635
4426
12168
2416
16109
9592
13626
5499
340
8226
4322
15315
8647
10708
8762
14182
4491
11470
4946
5695
948
13579
5197
13533
4196
3267
12643
2361
6602
12580
13016
3182
7803
10021
11963
8199
7313
7208
8243
10486
2216
9888
6402
10172
7622
13343
13678
15145
13926
9937
11018
2095
1959
8455
8449
4709
10775
9779
8793
11763
6045
3432
3850
4665
14950
12155
13517
9291
15553
12345
9014
15171
4072
316
9781
2453
13527
8029
236
15820
11882
13592
14853
11964
15236
1184
6878
2316
1225
4881
12956
11398
9901
131
8181
5146
8779
15176
15330
14794
2769
6561
12297
6710
16072
6641
11273
2194
2944
9797
11365
10569
6769
1961
9487
3917
10827
13910
8318
385
11121
14873
14786
4706
859
15976
3974
3061
14204
13397
13905
10302
8676
10755
885
15444
10247
1307
1486
7061
829
6310
2803
11028
7227
11182
5709
5298
13341
10968
3731
11164
15549
2727
3447
6713
11599
12077
4757
5059
8073
2487
8816
13564
2558
13874
16099
4351
12526
7093
12223
5068
6256
5652
10800
15895
9544
14588
10306
1377
15365
10678
4655
2435
11003
1406
6342
8085
11325
11232
3802
7156
5419
14689
7968
15384
15929
11673
13731
8127
5266
4585
14309
6953
477
7561
15323
4325
15331
5442
4018
10716
11875
10230
14982
8279
1689
14285
13194
13298
5480
11152
15238
8019
11721
12125
7544
769
1212
2757
14655
2625
167
15859
1652
14732
14929
6411
10092
2967
14162
3940
4033
15995
5255
15446
999
9543
15879
13361
2800
4257
15216
157
14048
9442
5773
11644
11941
10515
7903
6964
7794
9120
8228
15514
5115
3241
13012
13188
5297
10044
15661
15629
10909
13019
4186
4451
5017
2099
15640
2100
2393
12103
10191
2901
3757
15877
82
1326
9282
5501
13635
2940
5805
15088
4052
5023
383
13499
12582
7340
4662
7479
7325
6962
12519
9732
2560
4328
1416
6899
4982
13741
14081
6097
527
12069
9723
10599
1276
9515
13934
3614
12536
1182
9501
1311
7757
6807
3321
12441
3906
11484
6508
5932
15423
5657
12914
9096
1788
15028
10593
8095
3687
6948
1287
11930
4646
8618
11999
6306
12293
3170
250
11132
8809
2797
1561
3993
3994
7974
12691
6595
2601
6990
2345
7828
12166
1574
13994
10401
12590
9254
13465
175
6406
9841
1428
5094
6717
64
2820
12779
805
14170
1745
7456
7068
1509
11051
1493
12248
12314
3474
15647
11987
13630
11545
10661
2208
14490
1606
1053
3405
15917
5861
10591
10262
10084
12572
11527
15761
3611
14187
564
2135
14975
10790
1166
12040
12589
12437
2677
10332
16097
5075
3240
4594
1582
4108
8920
13881
14725
11180
10954
12492
2855
8174
4499
7338
10187
4418
8705
9738
2328
14820
9599
12280
7111
2782
2620
14079
15416
14763
2881
130
1474
9645
3844
46
12704
312
7203
12966
14740
7071
14132
8703
8030
3101
582
5608
8479
4456
6950
15328
7144
1
778
8053
5430
8274
8826
7188
8934
14425
1512
3872
6233
4976
5286
15096
10400
7155
2092
13225
5166
5706
11399
919
3373
13147
14102
9868
8442
1135
1529
1626
11513
13452
7273
2635
9931
12395
1546
1771
5154
266
11540
331
5250
1670
6071
4367
2463
12809
1479
714
3072
6462
10437
11066
10156
11439
8276
14233
15706
1039
8463
9104
9347
15890
6658
14862
675
6430
1844
1679
11608
1966
15961
8136
10122
7543
6441
3546
13886
8712
11238
12961
14323
7344
10753
3697
5555
2028
11262
8961
4204
7857
10842
2111
6743
2360
11791
421
11633
10981
13476
12346
4868
2780
2675
8621
8914
4669
12554
13128
5718
11815
8917
4795
6919
8453
7009
3950
2657
1133
14633
8563
3269
5860
4111
273
5882
7930
6428
72
2123
15398
12679
7928
300
1580
11739
4677
14095
7247
6269
9617
3839
9527
13654
11588
2594
3429
6884
9862
13331
3162
4366
2607
3197
11055
2206
15651
14909
10018
12279
12481
13772
11188
11127
10465
2515
6461
11786
1130
10815
6588
15237
11997
244
1306
5945
7528
6746
14220
5953
1415
4634
21
4036
9500
13716
8711
10025
1451
11921
8433
9750
11374
10282
15272
7114
13468
4234
15781
5064
2559
2968
2055
14068
12723
1750
7706
15352
4277
13837
14468
6308
2759
2262
2400
13598
1071
7350
5320
3232
6383
5731
1513
6415
12095
15537
5302
6078
9861
9478
7539
10429
15506
9765
5118
6401
605
3127
9355
11339
12798
10178
1384
9894
1604
13435
1143
3507
16105
9875
267
8541
7490
14540
558
2581
9295
11912
5063
13142
1362
2833
13986
15492
1188
4188
9807
11863
9987
6236
15588
9382
9558
1863
8657
9435
4126
5516
9851
2297
9097
3309
12800
4035
6591
7592
11279
2689
4621
14544
14466
2048
1875
5105
6821
11582
6041
6464
808
12810
1457
9379
14528
5867
2662
6649
7015
10913
3418
12039
12524
12083
12086
15387
8319
7770
2904
4112
10879
6802
9881
8325
3701
5416
4903
7562
1594
6035
2026
12199
11778
6842
12271
1145
13485
13250
12066
937
5243
7883
13945
7410
11278
11472
12875
4066
4122
6466
3328
117
7648
6676
2158
9455
10688
1669
9148
3163
8210
1673
16008
976
2877
3146
9596
1907
8812
5161
4129
7326
4579
661
14357
12259
1463
3369
4194
3234
9309
5041
13509
12196
543
5684
14907
13134
14205
10133
5056
2661
13469
10729
13870
11368
2981
14474
12848
1881
12099
9661
14828
12148
1967
12347
6304
7553
905
3900
9440
3212
11201
14431
2096
9387
9093
2907
13501
12050
9729
9190
6790
14791
1522
15284
6994
7349
4565
688
4278
14796
15671
11462
12896
10105
11200
7198
14561
15687
6540
8529
8564
8472
9182
775
6689
15461
3990
9057
11879
15155
3951
7731
3041
14841
16110
12194
8875
8059
3649
14890
14157
6325
326
12939
1515
9007
15141
8280
11903
2568
14229
2572
6192
3137
6424
14513
14311
6037
10995
4027
13075
15359
1695
8338
13792
5304
10192
13454
2602
4894
5216
15779
7369
9598
9255
4419
9293
15818
12100
6722
2348
15086
5015
9744
11893
6046
15495
7403
2804
5261
8272
11564
15914
8460
10945
11239
12327
7162
9854
14202
4093
13092
14963
8969
2969
13437
10805
4866
13855
2246
10184
4737
6186
3167
6749
2436
11993
5081
7171
9516
14415
2465
