8072
15492
6401
1793
4131
2522
6022
7514
5226
12200
7577
2018
15045
8781
14982
13109
4195
11396
1995
4615
7054
13878
15627
5488
9523
5819
6758
3921
3972
3941
12596
12031
13913
8266
959
1700
1879
1528
10613
13680
11419
7626
5802
4205
7709
467
9102
4772
7110
5600
10462
2857
10401
3904
2722
13588
10771
3143
10576
8899
12726
10219
8551
5241
13121
16031
7392
902
6190
15828
9418
9179
13729
7912
11000
5545
11270
3006
15472
239
1925
5489
15878
1303
9903
12167
11366
7429
12184
11716
6912
15310
7134
7103
5322
13137
8458
13572
9943
10487
7022
889
11251
1613
7640
11660
2685
13535
13747
396
15000
12396
4807
3358
5896
8891
15539
604
15022
15550
13730
5859
1248
9019
8716
13332
7572
7958
7567
13525
15435
13325
5711
2301
8101
13554
5942
10534
1973
8987
10718
3978
10316
1046
3099
2367
2987
6311
11332
9702
9240
13327
8789
13987
10804
8437
14639
5020
6281
10812
12616
12191
2459
2090
11982
4334
11272
14662
15683
6984
10310
5390
856
15155
4678
7815
9452
13956
7846
6819
14691
10976
12445
15767
1169
12226
2007
5330
13198
11117
4311
3994
1617
9502
13988
2141
5019
10569
14089
6508
13665
582
11002
2969
4572
520
15685
11864
971
3628
2244
5728
16036
10419
6033
3285
1077
12230
848
4813
13007
3576
9005
2904
3708
8341
10885
9389
15080
15234
10826
12996
937
4701
1927
8391
1222
5331
9948
6490
15315
98
9484
13228
15020
13480
6716
12400
14960
95
2065
11364
1980
6849
1513
8745
9406
9769
4107
7813
13238
7395
10649
15567
4566
1444
5717
5076
4210
8795
4768
13898
1181
3756
13231
11802
12015
8002
6202
13796
4971
7797
6481
1954
6221
7734
2824
11738
7148
13789
6278
4939
14582
7729
13397
8574
13370
9977
6600
15707
12890
5765
105
15708
3949
9118
15088
1242
8444
1330
7962
13016
8066
15377
12659
10446
16097
931
411
10507
7506
15083
4844
13381
8718
3579
14753
13901
13237
14331
654
13336
14494
11348
10234
8787
15238
13103
13841
3702
5199
3046
11258
12376
8691
373
15490
40
4450
8222
5956
5279
1092
15788
945
1942
1406
6651
3903
6923
8593
786
14147
7364
7511
8595
13375
14847
16024
5128
14466
15019
11034
3623
3933
909
8476
8625
6258
9146
3226
11474
6246
2988
4609
8559
7084
3514
14284
12803
10251
4695
12271
10025
2289
3999
11483
2697
7883
3500
10117
5560
11357
12040
7960
3175
3266
9088
5329
13439
15482
6877
10023
221
762
14160
13170
1134
8762
7700
15066
5122
15257
13785
11480
5647
14769
9114
7242
6634
1463
10187
6357
13744
9701
10365
10574
6131
5357
15312
1681
10478
16042
12476
7002
9242
5052
1743
3793
3837
7603
13912
7698
5108
7612
14235
4191
4090
308
5310
8389
46
9309
12775
3062
14101
5351
3686
15477
15352
3891
14754
2368
6163
2598
4091
1558
6748
12080
7414
15111
3447
5872
11044
10035
16017
10408
14853
6563
11859
4069
13034
6390
9020
14620
6733
5435
10167
10858
1854
917
4577
2878
12915
11267
12948
8171
13050
4120
10280
14120
481
5817
3867
3795
2072
14154
14141
6120
7496
13746
1838
6838
4850
12221
15439
6640
12284
7236
2737
5354
1664
609
13192
1115
12849
14878
6046
3195
5296
770
10236
6774
14476
16070
4961
9432
9204
13979
7042
3386
13262
2185
13101
8349
7071
9482
9822
11564
3119
14480
149
12234
2322
6749
15984
11400
10205
9437
3276
1016
4385
13254
1984
12643
3554
1413
14291
13406
10275
8396
12750
12641
13463
9142
8909
8736
4204
15733
8977
1591
8037
15803
6134
15405
14366
1938
4993
11504
4524
11391
13486
9528
5350
23
12901
12744
9811
461
5242
3387
11897
13788
6099
9373
6224
10256
7257
8188
2495
15233
7437
3569
7769
9483
5013
13435
15534
5702
7863
7777
1053
3250
5263
11930
5188
3548
1852
4331
2995
1676
3098
11244
2101
11709
166
10570
8758
7445
7673
8864
3914
10841
7245
12698
2500
5766
2080
12265
2029
15501
13154
4599
10662
7526
4811
2960
2005
114
10253
8603
11092
4381
13552
4546
3325
9998
1899
10599
13923
369
5573
5345
1207
15008
14668
14745
12423
15873
585
3239
14920
4817
3572
13460
11104
2017
10748
10808
14180
2444
5816
3971
11291
11247
14932
4580
2986
15578
8705
8136
15732
12801
1012
8494
7855
7178
14652
13971
5522
6177
6906
5681
5305
15487
6018
10093
5533
11256
15107
11696
14510
11946
11871
7009
10676
4452
8455
11926
3264
10945
5588
8011
979
3254
14891
4799
6937
10328
14576
7025
5777
8231
7848
1
13613
2194
12177
12543
7129
10002
253
2223
13678
14517
4514
6276
7631
9800
12150
9586
14280
7423
7231
11917
13553
12991
8857
5068
1176
15362
5171
123
12768
7999
1001
2710
460
11196
14434
9023
11330
15454
7824
4164
806
5065
15288
2046
10369
4968
2311
11812
156
5314
12522
3210
14862
384
5138
2142
2936
6428
10395
12218
4525
11230
2921
275
1235
11243
13717
14496
1027
9446
12549
15451
9499
4252
14221
10587
12388
5868
12198
7436
8941
9156
15535
170
3424
2366
2226
11883
7394
16014
8334
12069
1502
2381
4055
633
11723
10606
5007
10135
2911
11825
13689
3456
11454
9725
2690
15423
4972
3705
15354
14626
7430
8626
12266
4613
12851
5693
13346
16061
13684
11922
5964
1640
13222
5602
12253
12958
1625
4676
14941
13398
12860
2357
15687
694
3194
3157
7313
11838
6254
4541
15794
71
15261
4176
11287
3218
8114
11333
3109
9362
11354
11101
8028
14018
14606
125
6223
15289
13477
10053
4944
3472
1258
4976
7353
8083
7591
5269
9222
13147
2733
4341
12447
10030
6273
11197
10227
2686
4351
8794
11047
1343
2079
9048
14452
1720
10934
11598
14766
11068
12392
7334
55
6417
4908
4867
7615
1396
1577
9375
9361
14102
5797
2183
11686
11900
11128
2494
983
15372
1584
7243
2836
8578
7329
9465
12000
4281
13250
918
13867
13745
6282
5302
13269
6424
1251
10265
15226
3306
11566
8620
12998
4583
9694
4071
15035
7250
15339
9918
6150
13755
9479
6690
6934
5686
2392
12019
316
15590
6482
6242
11170
11430
6886
15096
9509
8633
7097
11265
4711
6757
15784
13532
10908
933
888
5773
4458
6596
4802
8110
10746
9881
13597
3030
6179
6613
2681
13674
11771
3573
14348
13140
10029
6784
4225
996
13234
553
10500
4006
10388
14168
15180
12347
15251
233
2074
7144
1912
6168
2175
4158
15068
8776
6381
8876
3138
14149
13982
14030
8129
9803
14632
12988
9052
9367
10277
1051
1078
12102
6893
12474
1536
12441
9558
1195
6606
9471
1272
8229
4048
7190
11815
8392
5776
7876
14858
12532
6198
3617
13648
3664
15191
157
13857
14346
8193
206
14369
15824
12741
11959
6557
3935
1744
5042
1125
13165
14337
3090
311
2732
955
10486
15184
2515
8180
12651
5217
7087
8317
8213
11878
2267
15937
14609
8706
8298
7263
5091
11876
7111
12372
10099
13012
10247
12729
16100
9372
11744
6285
9105
4671
8752
5375
11192
10626
10494
7766
12564
7977
12211
7632
10292
9174
1429
2380
14027
4529
4950
3541
3204
7426
12337
7668
11471
12862
16133
6488
3236
5498
8071
15486
15081
3698
543
15462
11568
8086
12140
4721
2892
10042
4251
13214
14188
1289
1112
8549
5785
6182
4785
14239
11188
2287
10170
6437
1766
6870
5679
14433
14656
3415
5283
77
7124
10998
809
2637
13224
14361
12063
14809
13856
3132
10146
14556
1483
14405
3761
9154
2253
9263
13791
777
13733
12531
15122
2127
12754
784
107
2290
9024
9318
4991
6322
6406
7261
2832
6973
15953
14966
2583
3451
6334
315
12462
4319
2420
15341
7019
9151
3211
9615
11310
16088
1291
1191
11487
13456
15465
8430
9900
10342
14679
14773
12670
8709
15301
10924
761
623
2958
13450
14424
29
5192
14528
1408
7066
5912
14004
7569
6014
1894
15721
10118
13641
6443
1910
118
5355
271
7267
2715
4742
14281
9308
7606
15453
4789
6925
11255
7707
1880
14349
11252
7239
1193
16118
8809
15831
8054
12371
7653
3326
8801
12584
11185
13178
11733
12847
10838
11066
6943
6725
15954
12399
7064
3334
1177
11601
13300
1922
11356
3543
1787
2544
11739
8155
8409
14096
11848
8126
12892
13377
15622
12259
74
14800
8866
15903
11298
5653
8931
15064
8000
8575
15920
2178
9101
1197
15293
11338
14023
709
15360
13251
1194
9623
10630
13035
4542
11540
12246
14843
7870
5381
2580
15139
16054
3311
5449
4906
12919
13798
1427
13146
10518
6113
3821
10362
638
13209
5951
8788
16067
9838
10608
12499
2776
1649
706
2414
8512
9865
4705
15715
14475
4217
3489
764
1948
10441
12514
13291
6978
3627
1935
2558
11749
276
5454
13126
5745
15438
14229
14490
9096
11608
6159
16050
1785
13866
12418
15811
2242
103
2200
10581
15040
12264
9933
80
5536
15509
9104
2709
28
3947
14963
9211
1674
8797
13782
5617
90
9291
15695
1298
1097
15570
213
3854
5716
8187
14278
10756
14844
10823
14874
518
12811
15213
14104
12706
5646
13149
16082
14314
5045
628
14693
11064
8073
10324
10840
5284
15212
5771
4113
2863
810
9145
1314
6970
9764
16103
1231
15786
6540
8337
10999
620
4545
2391
10072
2806
13585
4117
8519
3625
10896
4049
13620
13008
14393
12208
5407
6649
2474
3317
6646
14991
2541
7682
4574
7294
11826
5854
693
4291
15137
9543
6680
15221
9851
10982
9470
5659
6608
5732
5973
8883
7980
6816
8356
3120
4650
6765
12028
13650
4079
1332
10459
14060
6063
12130
1611
14994
4726
2727
12018
10501
15393
14381
13880
2975
9915
14377
4173
10963
3413
10755
13728
1501
6591
603
3524
4569
3864
7465
4359
13821
8802
11923
6438
7771
7213
5975
11623
15645
7904
2273
9196
8619
13457
7712
1000
11448
3147
14674
5266
7138
8895
3511
3771
14364
241
12298
14301
7080
11795
7955
4421
13168
10390
15473
1440
3990
6827
7247
13114
14131
4449
9031
7287
13932
8502
2306
3720
11850
10652
14619
8568
8293
14931
5437
6155
9053
8456
8589
14551
7534
12228
10348
1447
15770
4698
3097
1986
3406
1229
4074
13934
3557
12572
15105
11625
9788
13577
3487
35
5021
392
9370
9603
6243
14616
14552
549
13608
14464
4387
11940
12025
1050
6336
10717
6586
3105
7262
11654
2212
14657
12650
6181
12389
10088
7068
5164
12286
11143
562
14051
109
5166
15322
9917
14208
2089
7464
15712
14514
5631
11074
14567
14106
7229
11178
3029
7503
7497
6692
11587
4115
7149
13174
5644
8772
288
792
892
9061
7499
5315
8085
1588
10827
6255
5152
7502
7760
1780
15928
11965
8051
1931
14353
9652
1260
12501
8299
15639
9468
2317
1130
7198
9273
6076
7814
13107
13887
1088
10822
8306
6961
3115
6837
1384
3113
3425
7320
5456
9820
5515
4275
7122
9859
2747
15854
5905
13067
3567
8195
10038
5245
1943
8943
7093
5855
8377
6997
1731
7587
8202
8798
9374
1123
5838
12378
8536
5159
14408
9032
5823
12233
3560
3683
7605
10968
9892
14140
11863
3140
7643
5293
12973
15986
431
8090
4033
11669
8707
13823
11208
6408
5162
1957
3071
6944
11545
2635
5487
9015
15583
15834
16060
7481
13424
13737
73
9098
8102
6269
1693
9568
13363
33
426
3669
1294
5424
15935
7266
7867
4151
14482
11975
1467
14440
3832
1607
370
9284
11657
12481
1504
4366
5529
2766
8119
15505
5767
15861
2626
14230
51
8010
12644
3552
8833
3525
963
15670
9526
4198
13801
696
11087
10399
10067
5464
4644
5828
9536
13939
11546
15314
12685
9287
14758
13565
2925
13596
9570
5482
13317
10690
11168
2593
10674
5251
9214
15279
75
4243
13235
3088
9829
11835
12227
3431
1716
5870
9049
15530
6350
12790
14673
6
2450
14581
2830
4411
9021
3537
16028
4405
14202
15363
4696
1435
5727
14886
12077
10615
4808
8765
5271
1839
14914
10134
6156
5395
10772
1565
6991
10542
7826
10572
14390
11465
12926
2784
12426
8856
781
2451
14534
15812
12044
14744
6132
1710
9407
263
4402
6876
3065
896
9636
10432
3182
11371
10084
14788
4154
9171
1847
7312
2919
4213
13909
14260
14336
10617
8062
11711
11937
11869
9115
11563
4607
10819
9080
4568
11112
7265
13196
8190
6206
4487
269
14135
9172
7839
14170
5513
9939
7308
8408
969
8548
1748
4517
11952
9932
5412
13703
6109
9775
9162
2465
8852
5319
3036
2753
9072
10929
11288
1572
15783
14493
9071
2118
11823
8035
11052
3400
1825
9527
1076
2914
9965
1039
8554
1096
8440
8365
12137
2801
11844
7741
9645
9228
14259
4409
10241
10833
9703
8128
1967
13495
569
6875
12460
15425
165
5455
16058
5737
6380
12355
12844
6000
6236
6845
3054
4554
9734
259
1368
899
10579
15300
14532
12707
14075
15389
6694
11214
4795
15480
6058
10116
6387
1738
15273
5240
8778
10223
3471
5054
13481
13964
14119
14670
3023
10857
5288
14954
3205
12165
2568
13175
16130
11132
13441
11220
12119
4603
13644
15881
3687
9357
2196
782
722
837
10555
12093
10380
12213
